SeqID,FPV_label,ATV_label,IDV_label,LPV_label,NFV_label,SQV_label,TPV_label,DRV_label,FPV_conf,ATV_conf,IDV_conf,LPV_conf,NFV_conf,SQV_conf,TPV_conf,DRV_conf
615438,0.0,0.0,0.0,0.0,0.0,0.0,0.0,0.0,1.0,1.0,1.0,1.0,1.0,1.0,1.0,1.0
615466,1.0,1.0,1.0,1.0,1.0,1.0,0.0,1.0,1.0,0.5,1.0,1.0,0.5,1.0,1.0,1.0
615490,0.0,0.0,0.0,0.0,0.0,0.0,0.0,0.0,1.0,1.0,1.0,1.0,1.0,1.0,1.0,1.0
615500,0.0,0.0,0.0,0.0,0.0,0.0,0.0,0.0,1.0,1.0,1.0,1.0,1.0,1.0,1.0,1.0
615532,1.0,1.0,1.0,1.0,1.0,1.0,1.0,1.0,1.0,1.0,1.0,1.0,1.0,1.0,1.0,1.0
109410,0.0,0.0,0.0,0.0,0.0,0.0,0.0,0.0,1.0,1.0,1.0,1.0,1.0,1.0,1.0,1.0
109414,0.0,0.0,0.0,0.0,0.0,0.0,0.0,0.0,1.0,1.0,1.0,1.0,1.0,1.0,1.0,1.0
109416,0.0,0.0,1.0,0.0,1.0,0.0,0.0,0.0,1.0,1.0,0.5,1.0,0.5,1.0,1.0,1.0
115063,1.0,1.0,1.0,1.0,1.0,1.0,0.0,0.0,0.5,0.5,1.0,1.0,1.0,0.5,1.0,1.0
615330,1.0,1.0,1.0,1.0,1.0,1.0,1.0,1.0,1.0,1.0,1.0,1.0,1.0,1.0,0.5,1.0
115747,0.0,1.0,1.0,1.0,1.0,1.0,0.0,0.0,1.0,0.5,0.5,0.5,0.5,1.0,1.0,1.0
116497,0.0,0.0,0.0,0.0,0.0,0.0,0.0,0.0,1.0,1.0,1.0,1.0,1.0,1.0,1.0,1.0
116499,0.0,0.0,0.0,0.0,0.0,0.0,0.0,0.0,1.0,1.0,1.0,1.0,1.0,1.0,1.0,1.0
116507,0.0,0.0,0.0,0.0,0.0,0.0,0.0,0.0,1.0,1.0,1.0,1.0,1.0,1.0,1.0,1.0
116511,1.0,1.0,1.0,1.0,1.0,1.0,1.0,1.0,0.5,1.0,0.5,0.5,0.5,0.5,0.5,0.5
116521,1.0,1.0,1.0,1.0,1.0,1.0,1.0,1.0,1.0,1.0,1.0,1.0,1.0,1.0,0.5,0.5
116527,1.0,1.0,1.0,1.0,1.0,1.0,1.0,1.0,1.0,1.0,0.5,1.0,1.0,1.0,0.5,1.0
50921,1.0,1.0,1.0,1.0,1.0,0.0,1.0,1.0,1.0,0.5,1.0,1.0,1.0,1.0,0.5,0.5
103191,0.0,0.0,0.0,0.0,0.0,0.0,0.0,0.0,1.0,1.0,1.0,1.0,1.0,1.0,1.0,1.0
103235,0.0,1.0,1.0,1.0,1.0,1.0,1.0,0.0,1.0,1.0,1.0,1.0,1.0,1.0,0.5,1.0
86676,1.0,1.0,1.0,1.0,1.0,1.0,1.0,1.0,0.5,1.0,1.0,1.0,0.5,1.0,0.5,0.5
87104,0.0,0.0,0.0,0.0,0.0,0.0,0.0,0.0,1.0,1.0,1.0,1.0,1.0,1.0,1.0,1.0
98512,0.0,0.0,0.0,0.0,0.0,0.0,0.0,0.0,1.0,1.0,1.0,1.0,1.0,1.0,1.0,1.0
102993,1.0,1.0,1.0,1.0,1.0,1.0,1.0,1.0,1.0,1.0,1.0,1.0,1.0,1.0,0.5,0.5
103067,1.0,1.0,1.0,1.0,1.0,1.0,1.0,1.0,1.0,1.0,1.0,1.0,1.0,1.0,0.5,1.0
107977,1.0,1.0,1.0,1.0,1.0,1.0,0.0,1.0,1.0,0.5,1.0,1.0,1.0,0.5,1.0,0.5
109398,0.0,0.0,0.0,0.0,0.0,0.0,0.0,0.0,1.0,1.0,1.0,1.0,1.0,1.0,1.0,1.0
109400,0.0,0.0,0.0,0.0,0.0,0.0,1.0,0.0,1.0,1.0,1.0,1.0,1.0,1.0,0.5,1.0
109404,0.0,0.0,0.0,0.0,0.0,0.0,0.0,0.0,1.0,1.0,1.0,1.0,1.0,1.0,1.0,1.0
109460,0.0,0.0,0.0,0.0,0.0,0.0,0.0,0.0,1.0,1.0,1.0,1.0,1.0,1.0,1.0,1.0
109482,0.0,0.0,0.0,0.0,0.0,0.0,0.0,0.0,1.0,1.0,1.0,1.0,1.0,1.0,1.0,1.0
109484,0.0,0.0,0.0,0.0,0.0,0.0,0.0,0.0,1.0,1.0,1.0,1.0,1.0,1.0,1.0,1.0
113050,1.0,1.0,1.0,1.0,1.0,1.0,0.0,1.0,1.0,1.0,1.0,1.0,1.0,1.0,1.0,1.0
115067,1.0,1.0,1.0,1.0,1.0,1.0,1.0,0.0,0.5,1.0,1.0,1.0,1.0,1.0,0.5,1.0
116491,1.0,1.0,1.0,1.0,1.0,1.0,1.0,1.0,1.0,1.0,1.0,1.0,1.0,1.0,0.5,1.0
116495,0.0,0.0,0.0,0.0,0.0,0.0,0.0,0.0,1.0,1.0,1.0,1.0,1.0,1.0,1.0,1.0
116509,0.0,0.0,0.0,0.0,0.0,0.0,0.0,0.0,1.0,1.0,1.0,1.0,1.0,1.0,1.0,1.0
109464,1.0,1.0,1.0,1.0,1.0,1.0,0.0,1.0,0.5,0.5,0.5,0.5,0.5,0.5,1.0,0.5
109472,0.0,0.0,0.0,0.0,0.0,0.0,0.0,0.0,1.0,1.0,1.0,1.0,1.0,1.0,1.0,1.0
89938,0.0,1.0,1.0,1.0,1.0,1.0,0.0,0.0,1.0,1.0,1.0,1.0,1.0,1.0,1.0,1.0
89948,1.0,1.0,0.0,0.0,1.0,1.0,0.0,1.0,0.5,0.5,1.0,1.0,0.5,0.5,1.0,0.5
89962,1.0,1.0,1.0,1.0,1.0,1.0,0.0,0.0,0.5,1.0,0.5,0.5,0.5,1.0,1.0,1.0
89964,0.0,1.0,1.0,0.0,1.0,1.0,0.0,0.0,1.0,0.5,0.5,1.0,0.5,0.5,1.0,1.0
89986,1.0,1.0,1.0,1.0,1.0,1.0,0.0,0.0,0.5,0.5,0.5,0.5,1.0,1.0,1.0,1.0
115749,1.0,1.0,1.0,1.0,1.0,1.0,1.0,0.0,1.0,1.0,1.0,1.0,1.0,1.0,0.5,1.0
116493,0.0,0.0,0.0,0.0,0.0,0.0,0.0,0.0,1.0,1.0,1.0,1.0,1.0,1.0,1.0,1.0
116501,0.0,0.0,0.0,0.0,0.0,0.0,0.0,0.0,1.0,1.0,1.0,1.0,1.0,1.0,1.0,1.0
116505,0.0,0.0,0.0,0.0,0.0,0.0,0.0,0.0,1.0,1.0,1.0,1.0,1.0,1.0,1.0,1.0
105310,1.0,1.0,1.0,1.0,1.0,1.0,0.0,0.0,0.5,1.0,1.0,1.0,1.0,1.0,1.0,1.0
108903,0.0,0.0,0.0,1.0,1.0,1.0,0.0,0.0,1.0,1.0,1.0,0.5,0.5,0.5,1.0,1.0
109157,0.0,0.0,0.0,0.0,0.0,0.0,0.0,0.0,1.0,1.0,1.0,1.0,1.0,1.0,1.0,1.0
109434,0.0,0.0,0.0,0.0,0.0,0.0,0.0,0.0,1.0,1.0,1.0,1.0,1.0,1.0,1.0,1.0
86640,1.0,1.0,1.0,1.0,1.0,1.0,1.0,1.0,1.0,1.0,1.0,1.0,1.0,1.0,0.5,1.0
86690,1.0,1.0,1.0,1.0,1.0,1.0,0.0,1.0,0.5,1.0,1.0,1.0,1.0,1.0,1.0,0.5
86742,1.0,1.0,1.0,1.0,1.0,1.0,1.0,1.0,1.0,1.0,0.5,1.0,1.0,1.0,0.5,1.0
86834,1.0,1.0,1.0,1.0,1.0,1.0,1.0,1.0,1.0,1.0,1.0,1.0,1.0,1.0,1.0,1.0
109476,0.0,0.0,0.0,0.0,0.0,0.0,0.0,0.0,1.0,1.0,1.0,1.0,1.0,1.0,1.0,1.0
109478,0.0,0.0,0.0,0.0,0.0,0.0,0.0,0.0,1.0,1.0,1.0,1.0,1.0,1.0,1.0,1.0
113194,0.0,0.0,0.0,0.0,0.0,0.0,0.0,0.0,1.0,1.0,1.0,1.0,1.0,1.0,1.0,1.0
115055,1.0,1.0,1.0,1.0,1.0,1.0,0.0,1.0,0.5,1.0,0.5,0.5,1.0,0.5,1.0,0.5
115065,1.0,1.0,1.0,1.0,1.0,1.0,1.0,1.0,1.0,1.0,1.0,1.0,1.0,1.0,1.0,1.0
115077,0.0,1.0,1.0,1.0,1.0,1.0,1.0,0.0,1.0,1.0,1.0,1.0,1.0,0.5,0.5,1.0
115079,1.0,1.0,1.0,1.0,1.0,1.0,0.0,1.0,1.0,1.0,0.5,1.0,1.0,1.0,1.0,1.0
115081,1.0,1.0,1.0,1.0,1.0,1.0,1.0,1.0,0.5,1.0,1.0,1.0,1.0,1.0,0.5,0.5
116519,1.0,1.0,0.0,1.0,1.0,0.0,0.0,1.0,0.5,0.5,1.0,1.0,0.5,1.0,1.0,0.5
116912,0.0,0.0,0.0,0.0,0.0,0.0,0.0,0.0,1.0,1.0,1.0,1.0,1.0,1.0,1.0,1.0
56746,0.0,0.0,0.0,0.0,0.0,0.0,0.0,0.0,1.0,1.0,1.0,1.0,1.0,1.0,1.0,1.0
60717,1.0,1.0,0.0,1.0,1.0,0.0,1.0,0.0,0.5,0.5,1.0,0.5,0.5,1.0,0.5,1.0
216657,0.0,0.0,0.0,0.0,0.0,0.0,0.0,0.0,1.0,1.0,1.0,1.0,1.0,1.0,1.0,1.0
230072,1.0,1.0,1.0,1.0,1.0,1.0,1.0,1.0,1.0,1.0,1.0,1.0,1.0,1.0,0.5,1.0
235699,0.0,0.0,0.0,0.0,0.0,0.0,0.0,0.0,1.0,1.0,1.0,1.0,1.0,1.0,1.0,1.0
235711,0.0,0.0,0.0,0.0,0.0,0.0,0.0,0.0,1.0,1.0,1.0,1.0,1.0,1.0,1.0,1.0
257933,0.0,0.0,0.0,0.0,0.0,0.0,0.0,0.0,1.0,1.0,1.0,1.0,1.0,1.0,1.0,1.0
257939,1.0,1.0,1.0,1.0,1.0,1.0,1.0,1.0,1.0,1.0,1.0,1.0,1.0,0.5,0.5,1.0
115057,1.0,1.0,1.0,1.0,1.0,1.0,0.0,0.0,0.5,0.5,0.5,1.0,1.0,0.5,1.0,1.0
115059,1.0,1.0,1.0,1.0,1.0,1.0,0.0,0.0,0.5,0.5,0.5,0.5,1.0,1.0,1.0,1.0
115061,1.0,1.0,1.0,1.0,1.0,1.0,0.0,0.0,0.5,0.5,1.0,1.0,1.0,0.5,1.0,1.0
115751,1.0,1.0,1.0,1.0,1.0,1.0,1.0,1.0,1.0,1.0,1.0,1.0,1.0,0.5,0.5,0.5
103099,0.0,1.0,1.0,0.0,1.0,0.0,0.0,0.0,1.0,0.5,0.5,1.0,0.5,1.0,1.0,1.0
107981,1.0,1.0,1.0,1.0,1.0,1.0,0.0,0.0,0.5,1.0,0.5,0.5,0.5,0.5,1.0,1.0
109388,0.0,0.0,0.0,0.0,0.0,0.0,0.0,0.0,1.0,1.0,1.0,1.0,1.0,1.0,1.0,1.0
109396,0.0,0.0,0.0,0.0,0.0,0.0,0.0,0.0,1.0,1.0,1.0,1.0,1.0,1.0,1.0,1.0
117017,0.0,0.0,0.0,0.0,1.0,0.0,0.0,0.0,1.0,1.0,1.0,1.0,0.5,1.0,1.0,1.0
117019,0.0,0.0,0.0,0.0,0.0,0.0,0.0,0.0,1.0,1.0,1.0,1.0,1.0,1.0,1.0,1.0
117049,0.0,1.0,0.0,0.0,1.0,1.0,0.0,0.0,1.0,0.5,1.0,1.0,0.5,0.5,1.0,1.0
117063,1.0,1.0,1.0,1.0,1.0,1.0,1.0,1.0,1.0,1.0,1.0,1.0,1.0,1.0,1.0,1.0
109442,0.0,0.0,0.0,0.0,0.0,0.0,0.0,0.0,1.0,1.0,1.0,1.0,1.0,1.0,1.0,1.0
109444,0.0,0.0,0.0,0.0,0.0,0.0,0.0,0.0,1.0,1.0,1.0,1.0,1.0,1.0,1.0,1.0
109450,0.0,0.0,0.0,0.0,0.0,0.0,0.0,0.0,1.0,1.0,1.0,1.0,1.0,1.0,1.0,1.0
109458,0.0,0.0,0.0,0.0,0.0,0.0,0.0,0.0,1.0,1.0,1.0,1.0,1.0,1.0,1.0,1.0
113060,1.0,1.0,1.0,1.0,1.0,1.0,0.0,1.0,1.0,1.0,1.0,1.0,1.0,1.0,1.0,1.0
117137,0.0,1.0,1.0,1.0,1.0,0.0,1.0,0.0,1.0,1.0,0.5,0.5,0.5,1.0,0.5,1.0
117139,0.0,1.0,1.0,1.0,1.0,1.0,0.0,0.0,1.0,1.0,1.0,1.0,1.0,1.0,1.0,1.0
117140,1.0,1.0,1.0,1.0,1.0,1.0,1.0,1.0,0.5,1.0,0.5,1.0,1.0,1.0,0.5,0.5
117142,1.0,1.0,1.0,1.0,1.0,1.0,0.0,1.0,1.0,1.0,0.5,1.0,1.0,0.5,1.0,1.0
117143,1.0,1.0,1.0,1.0,1.0,1.0,0.0,1.0,0.5,1.0,1.0,1.0,1.0,1.0,1.0,0.5
117146,0.0,0.0,1.0,1.0,1.0,0.0,0.0,0.0,1.0,1.0,0.5,0.5,0.5,1.0,1.0,1.0
116513,1.0,1.0,1.0,1.0,1.0,1.0,1.0,0.0,0.5,0.5,1.0,0.5,1.0,1.0,0.5,1.0
116515,0.0,0.0,0.0,0.0,0.0,0.0,0.0,0.0,1.0,1.0,1.0,1.0,1.0,1.0,1.0,1.0
116918,1.0,1.0,1.0,1.0,1.0,1.0,0.0,1.0,1.0,1.0,0.5,0.5,0.5,1.0,1.0,0.5
117001,1.0,1.0,1.0,1.0,1.0,1.0,0.0,0.0,0.5,1.0,0.5,0.5,0.5,1.0,1.0,1.0
117011,1.0,1.0,1.0,1.0,1.0,1.0,0.0,1.0,0.5,1.0,0.5,1.0,1.0,0.5,1.0,0.5
615208,0.0,0.0,0.0,0.0,0.0,0.0,0.0,0.0,1.0,1.0,1.0,1.0,1.0,1.0,1.0,1.0
615212,0.0,1.0,1.0,1.0,1.0,1.0,0.0,0.0,1.0,1.0,0.5,0.5,0.5,0.5,1.0,1.0
615288,1.0,1.0,1.0,1.0,1.0,1.0,1.0,1.0,1.0,1.0,1.0,1.0,1.0,1.0,0.5,1.0
615302,0.0,0.0,0.0,0.0,0.0,0.0,0.0,0.0,1.0,1.0,1.0,1.0,1.0,1.0,1.0,1.0
143352,1.0,1.0,1.0,1.0,1.0,1.0,1.0,1.0,1.0,1.0,1.0,1.0,1.0,1.0,1.0,1.0
143457,1.0,1.0,1.0,1.0,1.0,1.0,1.0,1.0,1.0,1.0,1.0,1.0,1.0,1.0,1.0,0.5
143467,1.0,0.0,0.0,1.0,0.0,0.0,0.0,1.0,0.5,1.0,1.0,0.5,1.0,1.0,1.0,0.5
143475,1.0,0.0,0.0,0.0,0.0,0.0,0.0,0.0,0.5,1.0,1.0,1.0,1.0,1.0,1.0,1.0
144985,1.0,1.0,1.0,1.0,1.0,1.0,0.0,1.0,1.0,1.0,0.5,1.0,1.0,1.0,1.0,1.0
144990,1.0,1.0,0.0,1.0,1.0,1.0,0.0,1.0,1.0,1.0,1.0,0.5,0.5,0.5,1.0,1.0
144997,0.0,0.0,0.0,0.0,0.0,0.0,0.0,0.0,1.0,1.0,1.0,1.0,1.0,1.0,1.0,1.0
145004,0.0,0.0,0.0,0.0,0.0,0.0,0.0,0.0,1.0,1.0,1.0,1.0,1.0,1.0,1.0,1.0
145010,0.0,0.0,0.0,0.0,0.0,0.0,0.0,0.0,1.0,1.0,1.0,1.0,1.0,1.0,1.0,1.0
145014,0.0,0.0,0.0,0.0,0.0,0.0,0.0,0.0,1.0,1.0,1.0,1.0,1.0,1.0,1.0,1.0
145017,0.0,0.0,0.0,0.0,0.0,0.0,0.0,0.0,1.0,1.0,1.0,1.0,1.0,1.0,1.0,1.0
145022,0.0,0.0,0.0,0.0,0.0,0.0,0.0,0.0,1.0,1.0,1.0,1.0,1.0,1.0,1.0,1.0
145034,0.0,0.0,0.0,1.0,0.0,0.0,0.0,0.0,1.0,1.0,1.0,0.5,1.0,1.0,1.0,1.0
145038,0.0,0.0,0.0,0.0,0.0,0.0,0.0,0.0,1.0,1.0,1.0,1.0,1.0,1.0,1.0,1.0
145046,1.0,1.0,1.0,1.0,1.0,1.0,0.0,0.0,0.5,1.0,1.0,1.0,1.0,1.0,1.0,1.0
145047,1.0,1.0,1.0,1.0,1.0,1.0,0.0,1.0,1.0,1.0,1.0,1.0,0.5,1.0,1.0,0.5
145049,1.0,1.0,1.0,1.0,1.0,1.0,0.0,1.0,0.5,1.0,0.5,0.5,1.0,0.5,1.0,0.5
145053,1.0,1.0,1.0,1.0,1.0,1.0,0.0,0.0,0.5,0.5,1.0,0.5,1.0,0.5,1.0,1.0
123049,1.0,1.0,1.0,1.0,1.0,1.0,1.0,1.0,1.0,1.0,1.0,1.0,1.0,1.0,1.0,1.0
145062,1.0,1.0,1.0,1.0,1.0,1.0,1.0,0.0,0.5,0.5,1.0,1.0,1.0,0.5,0.5,1.0
145066,0.0,0.0,0.0,0.0,1.0,0.0,0.0,0.0,1.0,1.0,1.0,1.0,0.5,1.0,1.0,1.0
145083,1.0,1.0,1.0,1.0,1.0,1.0,0.0,0.0,0.5,1.0,1.0,1.0,1.0,0.5,1.0,1.0
145109,0.0,0.0,0.0,0.0,0.0,0.0,0.0,0.0,1.0,1.0,1.0,1.0,1.0,1.0,1.0,1.0
145113,0.0,0.0,0.0,0.0,1.0,0.0,0.0,0.0,1.0,1.0,1.0,1.0,0.5,1.0,1.0,1.0
145115,0.0,0.0,0.0,0.0,0.0,0.0,0.0,0.0,1.0,1.0,1.0,1.0,1.0,1.0,1.0,1.0
145127,0.0,0.0,0.0,0.0,0.0,0.0,0.0,0.0,1.0,1.0,1.0,1.0,1.0,1.0,1.0,1.0
145131,0.0,0.0,0.0,0.0,0.0,0.0,0.0,0.0,1.0,1.0,1.0,1.0,1.0,1.0,1.0,1.0
144992,1.0,1.0,1.0,1.0,1.0,0.0,1.0,1.0,1.0,1.0,0.5,1.0,0.5,1.0,0.5,1.0
144995,0.0,0.0,0.0,0.0,0.0,0.0,0.0,0.0,1.0,1.0,1.0,1.0,1.0,1.0,1.0,1.0
145149,0.0,0.0,0.0,0.0,0.0,0.0,0.0,0.0,1.0,1.0,1.0,1.0,1.0,1.0,1.0,1.0
145152,0.0,0.0,0.0,0.0,0.0,0.0,0.0,0.0,1.0,1.0,1.0,1.0,1.0,1.0,1.0,1.0
145194,0.0,0.0,0.0,0.0,0.0,0.0,0.0,0.0,1.0,1.0,1.0,1.0,1.0,1.0,1.0,1.0
145697,0.0,0.0,0.0,0.0,0.0,0.0,0.0,0.0,1.0,1.0,1.0,1.0,1.0,1.0,1.0,1.0
145711,0.0,0.0,0.0,0.0,0.0,0.0,0.0,0.0,1.0,1.0,1.0,1.0,1.0,1.0,1.0,1.0
147548,1.0,1.0,1.0,1.0,1.0,1.0,0.0,0.0,0.5,0.5,1.0,1.0,0.5,1.0,1.0,1.0
145057,1.0,1.0,1.0,1.0,1.0,0.0,0.0,0.0,0.5,0.5,0.5,0.5,0.5,1.0,1.0,1.0
147979,0.0,0.0,0.0,0.0,0.0,0.0,0.0,0.0,1.0,1.0,1.0,1.0,1.0,1.0,1.0,1.0
147981,0.0,0.0,0.0,0.0,0.0,0.0,0.0,0.0,1.0,1.0,1.0,1.0,1.0,1.0,1.0,1.0
147985,0.0,0.0,0.0,0.0,1.0,0.0,0.0,0.0,1.0,1.0,1.0,1.0,0.5,1.0,1.0,1.0
148009,0.0,0.0,0.0,0.0,0.0,0.0,0.0,0.0,1.0,1.0,1.0,1.0,1.0,1.0,1.0,1.0
148013,0.0,0.0,0.0,0.0,0.0,0.0,0.0,0.0,1.0,1.0,1.0,1.0,1.0,1.0,1.0,1.0
148025,0.0,0.0,0.0,0.0,0.0,0.0,0.0,0.0,1.0,1.0,1.0,1.0,1.0,1.0,1.0,1.0
148033,0.0,0.0,0.0,0.0,0.0,0.0,0.0,0.0,1.0,1.0,1.0,1.0,1.0,1.0,1.0,1.0
148057,0.0,0.0,0.0,0.0,0.0,0.0,0.0,0.0,1.0,1.0,1.0,1.0,1.0,1.0,1.0,1.0
148109,1.0,0.0,0.0,1.0,1.0,0.0,0.0,0.0,0.5,1.0,1.0,0.5,0.5,1.0,1.0,1.0
148113,0.0,0.0,0.0,0.0,0.0,0.0,0.0,0.0,1.0,1.0,1.0,1.0,1.0,1.0,1.0,1.0
148115,0.0,0.0,0.0,0.0,0.0,0.0,0.0,0.0,1.0,1.0,1.0,1.0,1.0,1.0,1.0,1.0
148121,0.0,0.0,0.0,0.0,0.0,0.0,0.0,0.0,1.0,1.0,1.0,1.0,1.0,1.0,1.0,1.0
148131,0.0,0.0,0.0,0.0,0.0,0.0,0.0,0.0,1.0,1.0,1.0,1.0,1.0,1.0,1.0,1.0
149198,0.0,0.0,0.0,0.0,0.0,0.0,0.0,0.0,1.0,1.0,1.0,1.0,1.0,1.0,1.0,1.0
159112,0.0,0.0,0.0,0.0,0.0,0.0,0.0,0.0,1.0,1.0,1.0,1.0,1.0,1.0,1.0,1.0
159124,1.0,1.0,1.0,1.0,1.0,0.0,0.0,1.0,1.0,1.0,1.0,1.0,1.0,1.0,1.0,0.5
147555,1.0,1.0,1.0,1.0,1.0,1.0,1.0,1.0,1.0,0.5,0.5,1.0,0.5,1.0,0.5,0.5
159164,1.0,1.0,1.0,1.0,1.0,1.0,1.0,1.0,1.0,1.0,1.0,1.0,1.0,1.0,1.0,1.0
159170,1.0,1.0,1.0,1.0,1.0,1.0,1.0,0.0,1.0,1.0,1.0,0.5,0.5,0.5,1.0,1.0
159178,0.0,1.0,1.0,1.0,1.0,1.0,0.0,0.0,1.0,0.5,0.5,0.5,0.5,1.0,1.0,1.0
159182,1.0,1.0,1.0,1.0,1.0,1.0,1.0,1.0,1.0,1.0,1.0,1.0,1.0,0.5,0.5,1.0
159184,1.0,0.0,1.0,1.0,1.0,0.0,0.0,1.0,1.0,1.0,1.0,1.0,0.5,1.0,1.0,0.5
159202,1.0,1.0,1.0,1.0,1.0,1.0,0.0,1.0,0.5,1.0,1.0,1.0,1.0,1.0,1.0,0.5
148073,0.0,0.0,0.0,0.0,0.0,0.0,0.0,0.0,1.0,1.0,1.0,1.0,1.0,1.0,1.0,1.0
159262,0.0,1.0,1.0,1.0,1.0,1.0,0.0,0.0,1.0,1.0,1.0,0.5,1.0,1.0,1.0,1.0
159270,1.0,1.0,1.0,1.0,1.0,1.0,1.0,1.0,1.0,1.0,1.0,1.0,1.0,1.0,1.0,0.5
159280,1.0,1.0,1.0,1.0,1.0,1.0,1.0,0.0,0.5,1.0,0.5,1.0,1.0,0.5,0.5,1.0
159286,1.0,1.0,1.0,1.0,1.0,0.0,0.0,0.0,1.0,0.5,1.0,1.0,1.0,1.0,1.0,1.0
159292,1.0,1.0,1.0,1.0,1.0,1.0,1.0,1.0,1.0,1.0,1.0,1.0,1.0,0.5,0.5,1.0
159302,1.0,1.0,1.0,1.0,1.0,1.0,1.0,1.0,1.0,1.0,1.0,1.0,1.0,1.0,0.5,1.0
159326,1.0,1.0,1.0,1.0,1.0,1.0,1.0,1.0,1.0,1.0,1.0,1.0,1.0,1.0,0.5,0.5
159370,1.0,1.0,1.0,1.0,1.0,1.0,1.0,1.0,1.0,1.0,1.0,1.0,1.0,1.0,0.5,0.5
159150,1.0,1.0,1.0,1.0,1.0,1.0,1.0,1.0,1.0,1.0,1.0,1.0,1.0,1.0,1.0,0.5
159386,1.0,1.0,1.0,1.0,1.0,1.0,0.0,1.0,1.0,1.0,1.0,1.0,1.0,1.0,1.0,0.5
159388,1.0,1.0,1.0,1.0,1.0,1.0,1.0,1.0,1.0,1.0,1.0,1.0,1.0,1.0,1.0,1.0
159392,1.0,1.0,1.0,1.0,1.0,1.0,1.0,1.0,1.0,1.0,0.5,1.0,1.0,1.0,0.5,1.0
159414,1.0,1.0,1.0,1.0,1.0,1.0,1.0,1.0,1.0,1.0,1.0,1.0,1.0,1.0,0.5,0.5
159416,1.0,1.0,1.0,1.0,1.0,1.0,1.0,1.0,1.0,1.0,1.0,1.0,1.0,1.0,0.5,1.0
159434,1.0,1.0,1.0,1.0,1.0,1.0,0.0,0.0,0.5,1.0,1.0,1.0,1.0,1.0,1.0,1.0
159450,1.0,1.0,1.0,1.0,1.0,1.0,1.0,1.0,1.0,1.0,0.5,1.0,1.0,1.0,0.5,0.5
159482,1.0,1.0,1.0,1.0,1.0,1.0,0.0,1.0,1.0,1.0,0.5,1.0,1.0,0.5,1.0,0.5
159508,1.0,1.0,1.0,1.0,1.0,1.0,0.0,1.0,1.0,0.5,1.0,1.0,1.0,1.0,1.0,0.5
171694,1.0,1.0,1.0,1.0,1.0,1.0,1.0,1.0,1.0,1.0,1.0,1.0,1.0,1.0,0.5,1.0
187115,1.0,1.0,1.0,1.0,1.0,1.0,0.0,1.0,1.0,1.0,1.0,1.0,0.5,1.0,1.0,0.5
187137,0.0,0.0,0.0,0.0,1.0,1.0,0.0,0.0,1.0,1.0,1.0,1.0,1.0,0.5,1.0,1.0
159380,1.0,1.0,1.0,1.0,1.0,1.0,1.0,1.0,1.0,1.0,1.0,1.0,1.0,1.0,0.5,0.5
159384,1.0,1.0,1.0,1.0,1.0,1.0,1.0,1.0,1.0,1.0,0.5,1.0,1.0,1.0,0.5,1.0
187189,1.0,1.0,1.0,1.0,1.0,1.0,1.0,0.0,0.5,1.0,1.0,1.0,0.5,1.0,0.5,1.0
197092,0.0,0.0,0.0,0.0,0.0,0.0,0.0,0.0,1.0,1.0,1.0,1.0,1.0,1.0,1.0,1.0
198529,0.0,0.0,0.0,0.0,1.0,0.0,0.0,0.0,1.0,1.0,1.0,1.0,0.5,1.0,1.0,1.0
198535,0.0,0.0,0.0,0.0,0.0,0.0,0.0,0.0,1.0,1.0,1.0,1.0,1.0,1.0,1.0,1.0
198539,1.0,1.0,1.0,1.0,1.0,1.0,0.0,1.0,0.5,0.5,0.5,1.0,0.5,1.0,1.0,0.5
198543,0.0,0.0,0.0,0.0,0.0,0.0,0.0,0.0,1.0,1.0,1.0,1.0,1.0,1.0,1.0,1.0
205597,0.0,0.0,0.0,0.0,0.0,0.0,0.0,0.0,1.0,1.0,1.0,1.0,1.0,1.0,1.0,1.0
205605,0.0,0.0,0.0,0.0,0.0,0.0,0.0,0.0,1.0,1.0,1.0,1.0,1.0,1.0,1.0,1.0
205640,1.0,1.0,1.0,1.0,1.0,1.0,1.0,1.0,0.5,0.5,1.0,1.0,1.0,0.5,0.5,0.5
205644,1.0,1.0,1.0,1.0,1.0,1.0,1.0,1.0,1.0,1.0,1.0,1.0,1.0,1.0,1.0,1.0
159498,1.0,1.0,1.0,1.0,0.0,1.0,1.0,1.0,1.0,0.5,0.5,1.0,1.0,0.5,0.5,0.5
257941,0.0,0.0,0.0,0.0,0.0,0.0,0.0,0.0,1.0,1.0,1.0,1.0,1.0,1.0,1.0,1.0
259189,0.0,0.0,0.0,0.0,0.0,0.0,0.0,0.0,1.0,1.0,1.0,1.0,1.0,1.0,1.0,1.0
259195,0.0,0.0,0.0,0.0,0.0,0.0,0.0,0.0,1.0,1.0,1.0,1.0,1.0,1.0,1.0,1.0
259199,0.0,0.0,0.0,0.0,0.0,0.0,0.0,0.0,1.0,1.0,1.0,1.0,1.0,1.0,1.0,1.0
259223,0.0,0.0,0.0,0.0,0.0,0.0,0.0,0.0,1.0,1.0,1.0,1.0,1.0,1.0,1.0,1.0
259227,1.0,1.0,1.0,1.0,1.0,1.0,1.0,0.0,0.5,0.5,0.5,0.5,1.0,0.5,0.5,1.0
259251,0.0,0.0,0.0,0.0,0.0,0.0,0.0,0.0,1.0,1.0,1.0,1.0,1.0,1.0,1.0,1.0
259255,0.0,0.0,0.0,0.0,0.0,0.0,0.0,0.0,1.0,1.0,1.0,1.0,1.0,1.0,1.0,1.0
259259,0.0,0.0,0.0,0.0,0.0,0.0,0.0,0.0,1.0,1.0,1.0,1.0,1.0,1.0,1.0,1.0
206409,0.0,0.0,0.0,0.0,0.0,0.0,0.0,0.0,1.0,1.0,1.0,1.0,1.0,1.0,1.0,1.0
206431,1.0,1.0,1.0,1.0,1.0,1.0,1.0,0.0,0.5,0.5,0.5,0.5,1.0,1.0,0.5,1.0
206433,0.0,0.0,0.0,0.0,0.0,0.0,0.0,0.0,1.0,1.0,1.0,1.0,1.0,1.0,1.0,1.0
206439,0.0,0.0,0.0,0.0,0.0,0.0,0.0,0.0,1.0,1.0,1.0,1.0,1.0,1.0,1.0,1.0
207293,0.0,0.0,0.0,0.0,0.0,0.0,0.0,0.0,1.0,1.0,1.0,1.0,1.0,1.0,1.0,1.0
187177,0.0,0.0,0.0,0.0,0.0,0.0,0.0,0.0,1.0,1.0,1.0,1.0,1.0,1.0,1.0,1.0
216613,0.0,0.0,0.0,0.0,0.0,0.0,0.0,0.0,1.0,1.0,1.0,1.0,1.0,1.0,1.0,1.0
216615,0.0,0.0,0.0,0.0,0.0,0.0,0.0,0.0,1.0,1.0,1.0,1.0,1.0,1.0,1.0,1.0
116922,1.0,1.0,1.0,1.0,1.0,1.0,1.0,1.0,1.0,1.0,1.0,1.0,1.0,1.0,1.0,1.0
116924,1.0,1.0,1.0,1.0,1.0,1.0,1.0,1.0,0.5,1.0,0.5,1.0,1.0,1.0,0.5,0.5
117003,1.0,1.0,1.0,1.0,1.0,1.0,0.0,0.0,0.5,0.5,0.5,0.5,0.5,0.5,1.0,1.0
117027,1.0,1.0,1.0,1.0,1.0,1.0,0.0,1.0,1.0,1.0,1.0,1.0,1.0,1.0,1.0,0.5
144999,0.0,0.0,0.0,0.0,0.0,0.0,0.0,0.0,1.0,1.0,1.0,1.0,1.0,1.0,1.0,1.0
145020,0.0,0.0,0.0,0.0,0.0,0.0,0.0,0.0,1.0,1.0,1.0,1.0,1.0,1.0,1.0,1.0
145023,0.0,0.0,0.0,0.0,0.0,0.0,0.0,0.0,1.0,1.0,1.0,1.0,1.0,1.0,1.0,1.0
145032,0.0,0.0,0.0,0.0,0.0,0.0,0.0,0.0,1.0,1.0,1.0,1.0,1.0,1.0,1.0,1.0
145043,1.0,1.0,1.0,1.0,1.0,1.0,1.0,1.0,1.0,1.0,0.5,1.0,0.5,0.5,0.5,0.5
117136,1.0,1.0,1.0,1.0,1.0,1.0,0.0,1.0,0.5,0.5,1.0,0.5,1.0,1.0,1.0,0.5
117147,0.0,1.0,1.0,0.0,1.0,1.0,0.0,0.0,1.0,0.5,0.5,1.0,0.5,0.5,1.0,1.0
123041,1.0,1.0,1.0,1.0,1.0,1.0,1.0,1.0,1.0,1.0,1.0,1.0,1.0,1.0,0.5,0.5
145078,1.0,1.0,1.0,1.0,1.0,1.0,0.0,0.0,0.5,1.0,1.0,1.0,1.0,1.0,1.0,1.0
145081,1.0,1.0,1.0,1.0,1.0,1.0,1.0,0.0,0.5,1.0,1.0,1.0,1.0,1.0,0.5,1.0
145086,1.0,1.0,1.0,1.0,1.0,1.0,0.0,1.0,0.5,1.0,1.0,1.0,1.0,1.0,1.0,0.5
145087,1.0,1.0,1.0,1.0,1.0,1.0,0.0,0.0,0.5,1.0,1.0,1.0,1.0,1.0,1.0,1.0
145089,0.0,1.0,1.0,1.0,1.0,1.0,0.0,0.0,1.0,1.0,0.5,1.0,1.0,1.0,1.0,1.0
145091,1.0,1.0,1.0,1.0,1.0,1.0,0.0,0.0,0.5,1.0,0.5,0.5,1.0,1.0,1.0,1.0
145098,1.0,1.0,1.0,1.0,1.0,1.0,0.0,0.0,0.5,0.5,1.0,0.5,1.0,0.5,1.0,1.0
145101,0.0,0.0,0.0,0.0,0.0,0.0,0.0,0.0,1.0,1.0,1.0,1.0,1.0,1.0,1.0,1.0
145103,0.0,0.0,0.0,0.0,0.0,0.0,0.0,0.0,1.0,1.0,1.0,1.0,1.0,1.0,1.0,1.0
143487,1.0,1.0,1.0,1.0,1.0,1.0,1.0,1.0,1.0,1.0,1.0,1.0,1.0,1.0,1.0,0.5
144987,1.0,1.0,1.0,1.0,1.0,1.0,1.0,1.0,1.0,1.0,1.0,0.5,1.0,1.0,1.0,1.0
145129,0.0,0.0,0.0,0.0,0.0,0.0,0.0,0.0,1.0,1.0,1.0,1.0,1.0,1.0,1.0,1.0
145145,0.0,0.0,0.0,0.0,0.0,0.0,0.0,0.0,1.0,1.0,1.0,1.0,1.0,1.0,1.0,1.0
145051,1.0,1.0,1.0,1.0,1.0,1.0,1.0,1.0,1.0,1.0,0.5,0.5,1.0,0.5,0.5,1.0
145070,1.0,0.0,0.0,1.0,0.0,0.0,0.0,1.0,1.0,1.0,1.0,1.0,1.0,1.0,1.0,0.5
145071,0.0,1.0,1.0,0.0,1.0,1.0,0.0,0.0,1.0,0.5,0.5,1.0,0.5,0.5,1.0,1.0
147989,0.0,0.0,0.0,0.0,0.0,0.0,0.0,0.0,1.0,1.0,1.0,1.0,1.0,1.0,1.0,1.0
147999,0.0,0.0,0.0,0.0,0.0,0.0,0.0,0.0,1.0,1.0,1.0,1.0,1.0,1.0,1.0,1.0
148007,0.0,0.0,0.0,0.0,0.0,0.0,0.0,0.0,1.0,1.0,1.0,1.0,1.0,1.0,1.0,1.0
148077,0.0,0.0,0.0,0.0,0.0,0.0,0.0,0.0,1.0,1.0,1.0,1.0,1.0,1.0,1.0,1.0
148079,1.0,0.0,1.0,1.0,1.0,0.0,0.0,0.0,0.5,1.0,0.5,1.0,0.5,1.0,1.0,1.0
145122,0.0,0.0,0.0,0.0,0.0,0.0,0.0,0.0,1.0,1.0,1.0,1.0,1.0,1.0,1.0,1.0
154816,1.0,1.0,1.0,1.0,1.0,1.0,1.0,1.0,1.0,1.0,1.0,1.0,1.0,1.0,0.5,1.0
159146,1.0,1.0,1.0,1.0,1.0,1.0,1.0,0.0,0.5,1.0,0.5,1.0,1.0,0.5,0.5,1.0
159154,1.0,1.0,1.0,1.0,1.0,1.0,1.0,0.0,1.0,1.0,0.5,1.0,1.0,0.5,1.0,1.0
159166,1.0,1.0,1.0,1.0,1.0,1.0,1.0,1.0,0.5,1.0,1.0,1.0,1.0,1.0,1.0,0.5
145699,0.0,0.0,0.0,0.0,1.0,0.0,0.0,0.0,1.0,1.0,1.0,1.0,0.5,1.0,1.0,1.0
159238,1.0,1.0,1.0,1.0,1.0,1.0,0.0,0.0,0.5,1.0,1.0,1.0,1.0,0.5,1.0,1.0
159240,1.0,1.0,1.0,1.0,1.0,1.0,1.0,0.0,1.0,1.0,1.0,1.0,1.0,1.0,0.5,1.0
159274,1.0,1.0,1.0,1.0,1.0,1.0,0.0,0.0,0.5,1.0,1.0,1.0,1.0,1.0,1.0,1.0
159298,1.0,1.0,1.0,1.0,1.0,0.0,1.0,1.0,1.0,1.0,1.0,1.0,1.0,1.0,0.5,1.0
159314,1.0,1.0,1.0,1.0,1.0,1.0,0.0,1.0,0.5,1.0,1.0,0.5,1.0,0.5,1.0,0.5
148091,1.0,1.0,1.0,1.0,1.0,1.0,0.0,0.0,0.5,1.0,1.0,1.0,1.0,0.5,1.0,1.0
159374,1.0,1.0,1.0,1.0,1.0,1.0,1.0,1.0,0.5,1.0,1.0,1.0,0.5,1.0,1.0,0.5
159448,1.0,1.0,1.0,1.0,1.0,1.0,1.0,1.0,1.0,0.5,0.5,1.0,1.0,0.5,0.5,1.0
159452,0.0,0.0,1.0,0.0,1.0,0.0,0.0,0.0,1.0,1.0,0.5,1.0,0.5,1.0,1.0,1.0
159204,1.0,1.0,1.0,1.0,1.0,1.0,0.0,1.0,0.5,1.0,1.0,1.0,1.0,1.0,1.0,0.5
159236,1.0,1.0,1.0,1.0,1.0,1.0,1.0,1.0,1.0,1.0,1.0,1.0,1.0,1.0,0.5,0.5
159492,1.0,1.0,1.0,1.0,1.0,1.0,1.0,1.0,1.0,1.0,1.0,1.0,1.0,1.0,0.5,1.0
159502,1.0,1.0,1.0,1.0,1.0,1.0,1.0,1.0,1.0,1.0,1.0,1.0,1.0,1.0,0.5,0.5
159516,1.0,1.0,1.0,1.0,1.0,1.0,1.0,1.0,1.0,1.0,1.0,1.0,1.0,0.5,0.5,1.0
159518,1.0,1.0,1.0,1.0,1.0,1.0,1.0,1.0,1.0,1.0,1.0,1.0,1.0,0.5,0.5,0.5
171692,1.0,1.0,1.0,1.0,1.0,1.0,1.0,1.0,1.0,1.0,1.0,1.0,1.0,0.5,1.0,1.0
172136,1.0,1.0,1.0,1.0,1.0,0.0,0.0,0.0,0.5,0.5,0.5,0.5,0.5,1.0,1.0,1.0
159336,1.0,1.0,1.0,1.0,1.0,1.0,0.0,0.0,1.0,0.5,0.5,0.5,1.0,0.5,1.0,1.0
159340,1.0,1.0,1.0,1.0,1.0,1.0,1.0,1.0,1.0,1.0,0.5,0.5,1.0,0.5,0.5,0.5
159348,1.0,1.0,1.0,1.0,1.0,1.0,0.0,1.0,0.5,1.0,1.0,1.0,1.0,1.0,1.0,0.5
159364,1.0,1.0,1.0,1.0,1.0,0.0,1.0,1.0,1.0,1.0,1.0,1.0,1.0,1.0,0.5,1.0
187183,0.0,1.0,1.0,0.0,1.0,1.0,0.0,0.0,1.0,0.5,0.5,1.0,0.5,0.5,1.0,1.0
197090,0.0,0.0,0.0,0.0,0.0,0.0,0.0,0.0,1.0,1.0,1.0,1.0,1.0,1.0,1.0,1.0
197100,0.0,0.0,0.0,0.0,0.0,0.0,0.0,0.0,1.0,1.0,1.0,1.0,1.0,1.0,1.0,1.0
198533,0.0,0.0,0.0,0.0,0.0,0.0,0.0,0.0,1.0,1.0,1.0,1.0,1.0,1.0,1.0,1.0
198537,0.0,0.0,0.0,0.0,0.0,0.0,0.0,0.0,1.0,1.0,1.0,1.0,1.0,1.0,1.0,1.0
198541,0.0,0.0,0.0,0.0,0.0,0.0,0.0,0.0,1.0,1.0,1.0,1.0,1.0,1.0,1.0,1.0
159458,1.0,1.0,1.0,1.0,1.0,1.0,0.0,0.0,0.5,1.0,0.5,0.5,0.5,1.0,1.0,1.0
159464,1.0,1.0,1.0,1.0,1.0,1.0,1.0,0.0,1.0,1.0,1.0,1.0,1.0,0.5,1.0,1.0
159478,1.0,1.0,1.0,1.0,1.0,1.0,0.0,0.0,0.5,1.0,1.0,1.0,1.0,0.5,1.0,1.0
159484,1.0,1.0,1.0,1.0,1.0,1.0,1.0,1.0,1.0,1.0,1.0,1.0,1.0,1.0,0.5,0.5
206415,0.0,0.0,0.0,0.0,0.0,0.0,0.0,0.0,1.0,1.0,1.0,1.0,1.0,1.0,1.0,1.0
206419,0.0,0.0,0.0,0.0,0.0,0.0,0.0,0.0,1.0,1.0,1.0,1.0,1.0,1.0,1.0,1.0
206435,0.0,0.0,0.0,0.0,0.0,0.0,0.0,0.0,1.0,1.0,1.0,1.0,1.0,1.0,1.0,1.0
207303,0.0,0.0,0.0,0.0,0.0,0.0,0.0,0.0,1.0,1.0,1.0,1.0,1.0,1.0,1.0,1.0
216617,0.0,0.0,0.0,0.0,0.0,0.0,0.0,0.0,1.0,1.0,1.0,1.0,1.0,1.0,1.0,1.0
172987,0.0,0.0,0.0,0.0,0.0,0.0,0.0,0.0,1.0,1.0,1.0,1.0,1.0,1.0,1.0,1.0
187127,0.0,0.0,0.0,0.0,0.0,0.0,0.0,0.0,1.0,1.0,1.0,1.0,1.0,1.0,1.0,1.0
187141,1.0,1.0,0.0,0.0,1.0,0.0,0.0,0.0,0.5,0.5,1.0,1.0,0.5,1.0,1.0,1.0
117007,0.0,0.0,0.0,0.0,0.0,0.0,0.0,0.0,1.0,1.0,1.0,1.0,1.0,1.0,1.0,1.0
117059,0.0,1.0,1.0,1.0,1.0,1.0,0.0,0.0,1.0,1.0,0.5,0.5,1.0,0.5,1.0,1.0
117134,1.0,1.0,1.0,1.0,1.0,1.0,1.0,1.0,1.0,1.0,0.5,1.0,1.0,0.5,0.5,1.0
117145,1.0,0.0,1.0,1.0,1.0,0.0,0.0,0.0,0.5,1.0,1.0,0.5,0.5,1.0,1.0,1.0
205626,1.0,1.0,1.0,1.0,1.0,1.0,0.0,1.0,1.0,1.0,1.0,1.0,1.0,1.0,1.0,1.0
205636,1.0,1.0,1.0,1.0,1.0,1.0,0.0,0.0,0.5,1.0,1.0,1.0,1.0,1.0,1.0,1.0
615182,1.0,0.0,1.0,1.0,0.0,0.0,0.0,1.0,1.0,1.0,0.5,1.0,1.0,1.0,1.0,0.5
615186,1.0,1.0,1.0,1.0,1.0,1.0,0.0,0.0,0.5,0.5,1.0,1.0,1.0,0.5,1.0,1.0
143455,1.0,1.0,1.0,1.0,1.0,1.0,0.0,0.0,0.5,1.0,1.0,1.0,1.0,1.0,1.0,1.0
216627,0.0,0.0,0.0,0.0,0.0,0.0,0.0,0.0,1.0,1.0,1.0,1.0,1.0,1.0,1.0,1.0
216629,0.0,0.0,0.0,0.0,0.0,0.0,0.0,0.0,1.0,1.0,1.0,1.0,1.0,1.0,1.0,1.0
145015,0.0,0.0,0.0,0.0,0.0,0.0,0.0,0.0,1.0,1.0,1.0,1.0,1.0,1.0,1.0,1.0
615088,0.0,1.0,1.0,1.0,1.0,1.0,0.0,0.0,1.0,0.5,1.0,1.0,1.0,0.5,1.0,1.0
615090,0.0,0.0,0.0,0.0,0.0,0.0,0.0,0.0,1.0,1.0,1.0,1.0,1.0,1.0,1.0,1.0
615108,0.0,0.0,0.0,0.0,0.0,0.0,0.0,0.0,1.0,1.0,1.0,1.0,1.0,1.0,1.0,1.0
615118,0.0,0.0,0.0,0.0,0.0,0.0,0.0,0.0,1.0,1.0,1.0,1.0,1.0,1.0,1.0,1.0
615146,0.0,0.0,0.0,0.0,0.0,0.0,0.0,0.0,1.0,1.0,1.0,1.0,1.0,1.0,1.0,1.0
615158,1.0,1.0,1.0,1.0,1.0,1.0,1.0,1.0,1.0,0.5,0.5,0.5,1.0,0.5,1.0,1.0
145093,0.0,1.0,1.0,1.0,1.0,0.0,0.0,0.0,1.0,0.5,1.0,0.5,1.0,1.0,1.0,1.0
143459,1.0,1.0,0.0,1.0,1.0,1.0,0.0,0.0,0.5,1.0,1.0,0.5,1.0,1.0,1.0,1.0
144045,1.0,1.0,1.0,1.0,1.0,1.0,1.0,1.0,0.5,1.0,1.0,1.0,1.0,1.0,0.5,0.5
144994,1.0,1.0,1.0,1.0,1.0,1.0,1.0,1.0,1.0,1.0,1.0,1.0,1.0,1.0,0.5,1.0
145002,0.0,0.0,0.0,0.0,0.0,0.0,0.0,0.0,1.0,1.0,1.0,1.0,1.0,1.0,1.0,1.0
145007,0.0,0.0,0.0,0.0,0.0,0.0,0.0,0.0,1.0,1.0,1.0,1.0,1.0,1.0,1.0,1.0
145681,0.0,0.0,0.0,0.0,0.0,0.0,0.0,0.0,1.0,1.0,1.0,1.0,1.0,1.0,1.0,1.0
145028,0.0,0.0,0.0,0.0,0.0,0.0,0.0,0.0,1.0,1.0,1.0,1.0,1.0,1.0,1.0,1.0
145030,0.0,0.0,0.0,0.0,0.0,0.0,0.0,0.0,1.0,1.0,1.0,1.0,1.0,1.0,1.0,1.0
145039,0.0,0.0,0.0,0.0,0.0,0.0,0.0,0.0,1.0,1.0,1.0,1.0,1.0,1.0,1.0,1.0
145056,1.0,1.0,1.0,1.0,1.0,0.0,0.0,0.0,0.5,0.5,0.5,1.0,0.5,1.0,1.0,1.0
145060,1.0,1.0,1.0,1.0,1.0,1.0,0.0,0.0,0.5,0.5,0.5,1.0,1.0,0.5,1.0,1.0
145079,0.0,0.0,0.0,0.0,0.0,0.0,0.0,0.0,1.0,1.0,1.0,1.0,1.0,1.0,1.0,1.0
148039,0.0,1.0,1.0,1.0,1.0,1.0,1.0,0.0,1.0,0.5,0.5,0.5,1.0,0.5,0.5,1.0
148045,0.0,0.0,0.0,0.0,1.0,0.0,0.0,0.0,1.0,1.0,1.0,1.0,0.5,1.0,1.0,1.0
145108,0.0,0.0,0.0,0.0,0.0,0.0,0.0,0.0,1.0,1.0,1.0,1.0,1.0,1.0,1.0,1.0
145112,0.0,0.0,0.0,0.0,0.0,0.0,0.0,0.0,1.0,1.0,1.0,1.0,1.0,1.0,1.0,1.0
145118,0.0,0.0,0.0,0.0,0.0,0.0,0.0,0.0,1.0,1.0,1.0,1.0,1.0,1.0,1.0,1.0
145137,0.0,0.0,0.0,0.0,0.0,0.0,0.0,0.0,1.0,1.0,1.0,1.0,1.0,1.0,1.0,1.0
145208,0.0,0.0,0.0,0.0,0.0,0.0,0.0,0.0,1.0,1.0,1.0,1.0,1.0,1.0,1.0,1.0
159152,1.0,1.0,1.0,1.0,1.0,1.0,1.0,1.0,1.0,1.0,1.0,1.0,1.0,1.0,0.5,0.5
159200,1.0,1.0,1.0,1.0,1.0,1.0,1.0,1.0,1.0,1.0,0.5,1.0,1.0,1.0,0.5,1.0
145707,0.0,0.0,0.0,0.0,0.0,0.0,0.0,0.0,1.0,1.0,1.0,1.0,1.0,1.0,1.0,1.0
147545,1.0,1.0,1.0,1.0,1.0,1.0,0.0,1.0,1.0,1.0,1.0,1.0,1.0,1.0,1.0,1.0
147977,0.0,0.0,0.0,0.0,0.0,0.0,0.0,0.0,1.0,1.0,1.0,1.0,1.0,1.0,1.0,1.0
147987,0.0,0.0,0.0,0.0,0.0,0.0,0.0,0.0,1.0,1.0,1.0,1.0,1.0,1.0,1.0,1.0
148021,1.0,1.0,1.0,1.0,1.0,1.0,0.0,0.0,0.5,0.5,0.5,0.5,0.5,0.5,1.0,1.0
148023,0.0,0.0,0.0,0.0,0.0,0.0,0.0,0.0,1.0,1.0,1.0,1.0,1.0,1.0,1.0,1.0
148027,0.0,0.0,0.0,0.0,0.0,0.0,0.0,0.0,1.0,1.0,1.0,1.0,1.0,1.0,1.0,1.0
159290,1.0,1.0,1.0,1.0,1.0,1.0,1.0,1.0,1.0,1.0,1.0,1.0,1.0,1.0,1.0,1.0
159306,0.0,0.0,0.0,1.0,1.0,0.0,0.0,0.0,1.0,1.0,1.0,0.5,0.5,1.0,1.0,1.0
159310,1.0,1.0,1.0,1.0,1.0,1.0,0.0,1.0,1.0,1.0,1.0,1.0,0.5,1.0,1.0,0.5
148055,0.0,0.0,0.0,0.0,0.0,0.0,0.0,0.0,1.0,1.0,1.0,1.0,1.0,1.0,1.0,1.0
148071,0.0,0.0,0.0,0.0,0.0,0.0,0.0,0.0,1.0,1.0,1.0,1.0,1.0,1.0,1.0,1.0
148117,0.0,0.0,0.0,0.0,0.0,0.0,0.0,0.0,1.0,1.0,1.0,1.0,1.0,1.0,1.0,1.0
148123,0.0,0.0,0.0,0.0,0.0,0.0,0.0,0.0,1.0,1.0,1.0,1.0,1.0,1.0,1.0,1.0
148125,0.0,0.0,0.0,0.0,0.0,0.0,0.0,0.0,1.0,1.0,1.0,1.0,1.0,1.0,1.0,1.0
159418,1.0,1.0,1.0,1.0,1.0,1.0,1.0,1.0,1.0,0.5,1.0,1.0,1.0,0.5,0.5,0.5
159426,1.0,1.0,1.0,1.0,1.0,1.0,0.0,0.0,0.5,1.0,1.0,0.5,1.0,1.0,1.0,1.0
159210,1.0,1.0,1.0,1.0,1.0,1.0,1.0,1.0,1.0,1.0,1.0,1.0,1.0,1.0,1.0,0.5
159224,1.0,1.0,1.0,1.0,1.0,1.0,1.0,1.0,1.0,1.0,1.0,1.0,1.0,1.0,1.0,1.0
159260,1.0,1.0,1.0,1.0,1.0,1.0,0.0,1.0,1.0,1.0,1.0,1.0,1.0,1.0,1.0,1.0
159282,1.0,1.0,1.0,1.0,1.0,1.0,1.0,0.0,0.5,1.0,1.0,1.0,1.0,1.0,0.5,1.0
159288,1.0,1.0,1.0,1.0,1.0,0.0,1.0,0.0,0.5,0.5,0.5,1.0,0.5,1.0,0.5,1.0
171693,0.0,1.0,0.0,0.0,1.0,1.0,0.0,0.0,1.0,1.0,1.0,1.0,1.0,0.5,1.0,1.0
171695,1.0,1.0,1.0,1.0,1.0,1.0,1.0,1.0,1.0,1.0,1.0,1.0,1.0,1.0,1.0,1.0
171696,1.0,1.0,1.0,1.0,1.0,1.0,1.0,1.0,1.0,1.0,0.5,1.0,0.5,1.0,1.0,1.0
159320,1.0,1.0,1.0,1.0,1.0,1.0,0.0,1.0,1.0,1.0,1.0,1.0,1.0,1.0,1.0,0.5
159322,1.0,1.0,1.0,1.0,1.0,1.0,0.0,0.0,0.5,1.0,1.0,1.0,1.0,1.0,1.0,1.0
159338,1.0,1.0,1.0,1.0,1.0,1.0,1.0,1.0,1.0,1.0,1.0,1.0,1.0,1.0,0.5,1.0
159356,1.0,1.0,1.0,1.0,1.0,1.0,0.0,1.0,1.0,1.0,1.0,0.5,0.5,0.5,1.0,0.5
159360,1.0,1.0,1.0,1.0,1.0,1.0,1.0,1.0,1.0,1.0,1.0,1.0,1.0,1.0,0.5,1.0
159442,0.0,1.0,1.0,1.0,1.0,1.0,1.0,0.0,1.0,1.0,1.0,0.5,1.0,0.5,0.5,1.0
159470,1.0,1.0,1.0,1.0,1.0,1.0,1.0,1.0,1.0,1.0,1.0,1.0,1.0,1.0,0.5,0.5
159472,1.0,1.0,1.0,1.0,1.0,1.0,1.0,1.0,1.0,1.0,1.0,1.0,1.0,1.0,1.0,0.5
159480,1.0,1.0,1.0,1.0,1.0,1.0,0.0,0.0,0.5,1.0,1.0,1.0,1.0,0.5,1.0,1.0
159488,1.0,1.0,1.0,1.0,1.0,1.0,1.0,0.0,0.5,1.0,0.5,1.0,1.0,1.0,0.5,1.0
159490,1.0,1.0,1.0,1.0,1.0,1.0,1.0,0.0,1.0,1.0,0.5,1.0,1.0,1.0,0.5,1.0
159506,1.0,1.0,1.0,1.0,1.0,1.0,1.0,1.0,1.0,1.0,1.0,1.0,1.0,1.0,0.5,0.5
172132,0.0,0.0,0.0,0.0,1.0,0.0,0.0,0.0,1.0,1.0,1.0,1.0,0.5,1.0,1.0,1.0
172138,0.0,0.0,0.0,0.0,0.0,0.0,0.0,0.0,1.0,1.0,1.0,1.0,1.0,1.0,1.0,1.0
172988,0.0,0.0,0.0,0.0,0.0,0.0,0.0,0.0,1.0,1.0,1.0,1.0,1.0,1.0,1.0,1.0
173668,0.0,0.0,0.0,0.0,0.0,0.0,0.0,0.0,1.0,1.0,1.0,1.0,1.0,1.0,1.0,1.0
187117,0.0,0.0,0.0,0.0,0.0,0.0,0.0,0.0,1.0,1.0,1.0,1.0,1.0,1.0,1.0,1.0
187119,1.0,1.0,1.0,1.0,0.0,0.0,0.0,1.0,1.0,0.5,0.5,1.0,1.0,1.0,1.0,1.0
187125,0.0,0.0,0.0,0.0,0.0,0.0,0.0,0.0,1.0,1.0,1.0,1.0,1.0,1.0,1.0,1.0
187169,0.0,0.0,0.0,0.0,0.0,0.0,0.0,0.0,1.0,1.0,1.0,1.0,1.0,1.0,1.0,1.0
216619,0.0,0.0,0.0,0.0,0.0,0.0,0.0,0.0,1.0,1.0,1.0,1.0,1.0,1.0,1.0,1.0
216647,0.0,0.0,0.0,0.0,0.0,0.0,0.0,0.0,1.0,1.0,1.0,1.0,1.0,1.0,1.0,1.0
187193,0.0,0.0,0.0,0.0,0.0,0.0,0.0,0.0,1.0,1.0,1.0,1.0,1.0,1.0,1.0,1.0
197086,0.0,0.0,0.0,0.0,0.0,0.0,0.0,0.0,1.0,1.0,1.0,1.0,1.0,1.0,1.0,1.0
198531,0.0,0.0,0.0,0.0,0.0,0.0,0.0,0.0,1.0,1.0,1.0,1.0,1.0,1.0,1.0,1.0
205603,1.0,1.0,1.0,1.0,1.0,1.0,1.0,1.0,1.0,1.0,1.0,1.0,1.0,1.0,0.5,1.0
205622,0.0,0.0,0.0,0.0,0.0,0.0,0.0,0.0,1.0,1.0,1.0,1.0,1.0,1.0,1.0,1.0
205642,0.0,0.0,0.0,0.0,0.0,0.0,0.0,0.0,1.0,1.0,1.0,1.0,1.0,1.0,1.0,1.0
205688,0.0,1.0,0.0,0.0,1.0,0.0,0.0,0.0,1.0,0.5,1.0,1.0,1.0,1.0,1.0,1.0
205691,1.0,1.0,1.0,1.0,1.0,1.0,0.0,0.0,0.5,0.5,0.5,0.5,0.5,0.5,1.0,1.0
117047,0.0,1.0,1.0,0.0,1.0,1.0,0.0,0.0,1.0,1.0,0.5,1.0,1.0,1.0,1.0,1.0
117069,1.0,1.0,1.0,1.0,1.0,1.0,1.0,1.0,1.0,1.0,1.0,1.0,1.0,1.0,1.0,1.0
117133,1.0,1.0,1.0,1.0,1.0,1.0,1.0,1.0,1.0,1.0,1.0,1.0,1.0,0.5,0.5,1.0
117138,0.0,1.0,1.0,0.0,1.0,1.0,0.0,0.0,1.0,0.5,0.5,1.0,0.5,0.5,1.0,1.0
206447,1.0,1.0,1.0,1.0,1.0,0.0,1.0,1.0,1.0,1.0,1.0,1.0,0.5,1.0,0.5,1.0
206451,0.0,0.0,0.0,0.0,0.0,0.0,0.0,0.0,1.0,1.0,1.0,1.0,1.0,1.0,1.0,1.0
143453,1.0,0.0,1.0,0.0,1.0,1.0,0.0,0.0,0.5,1.0,0.5,1.0,0.5,0.5,1.0,1.0
143461,1.0,1.0,1.0,1.0,1.0,1.0,1.0,1.0,1.0,1.0,0.5,1.0,1.0,1.0,0.5,1.0
143463,1.0,1.0,1.0,1.0,1.0,1.0,0.0,1.0,0.5,1.0,1.0,0.5,1.0,1.0,1.0,0.5
143474,0.0,0.0,0.0,0.0,1.0,0.0,0.0,0.0,1.0,1.0,1.0,1.0,0.5,1.0,1.0,1.0
116997,0.0,0.0,0.0,0.0,0.0,0.0,0.0,0.0,1.0,1.0,1.0,1.0,1.0,1.0,1.0,1.0
117023,1.0,1.0,1.0,1.0,1.0,1.0,0.0,1.0,1.0,1.0,1.0,1.0,1.0,1.0,1.0,0.5
614934,0.0,0.0,0.0,0.0,0.0,0.0,0.0,0.0,1.0,1.0,1.0,1.0,1.0,1.0,1.0,1.0
614956,0.0,0.0,0.0,0.0,0.0,0.0,0.0,0.0,1.0,1.0,1.0,1.0,1.0,1.0,1.0,1.0
614970,1.0,1.0,1.0,1.0,1.0,1.0,1.0,1.0,0.5,1.0,1.0,1.0,1.0,1.0,0.5,0.5
614978,1.0,1.0,1.0,1.0,1.0,1.0,1.0,1.0,1.0,1.0,1.0,1.0,1.0,0.5,1.0,1.0
615002,0.0,1.0,1.0,1.0,1.0,1.0,0.0,0.0,1.0,0.5,0.5,0.5,0.5,1.0,1.0,1.0
145025,0.0,0.0,0.0,0.0,0.0,0.0,0.0,0.0,1.0,1.0,1.0,1.0,1.0,1.0,1.0,1.0
145701,0.0,0.0,0.0,0.0,0.0,0.0,0.0,0.0,1.0,1.0,1.0,1.0,1.0,1.0,1.0,1.0
145067,0.0,0.0,0.0,0.0,0.0,0.0,0.0,0.0,1.0,1.0,1.0,1.0,1.0,1.0,1.0,1.0
148099,0.0,0.0,0.0,0.0,0.0,0.0,0.0,0.0,1.0,1.0,1.0,1.0,1.0,1.0,1.0,1.0
145141,0.0,0.0,0.0,0.0,0.0,0.0,0.0,0.0,1.0,1.0,1.0,1.0,1.0,1.0,1.0,1.0
145691,1.0,1.0,1.0,1.0,1.0,0.0,0.0,0.0,0.5,0.5,0.5,1.0,0.5,1.0,1.0,1.0
614512,1.0,1.0,1.0,1.0,1.0,1.0,1.0,1.0,0.5,1.0,1.0,1.0,1.0,1.0,0.5,0.5
614546,0.0,0.0,0.0,0.0,0.0,0.0,0.0,0.0,1.0,1.0,1.0,1.0,1.0,1.0,1.0,1.0
145705,0.0,0.0,0.0,0.0,0.0,0.0,0.0,0.0,1.0,1.0,1.0,1.0,1.0,1.0,1.0,1.0
146948,1.0,1.0,1.0,1.0,1.0,1.0,0.0,0.0,0.5,0.5,0.5,0.5,0.5,0.5,1.0,1.0
147551,0.0,1.0,1.0,1.0,1.0,1.0,0.0,0.0,1.0,0.5,0.5,0.5,1.0,0.5,1.0,1.0
147556,1.0,1.0,1.0,1.0,1.0,1.0,0.0,1.0,0.5,0.5,1.0,1.0,1.0,0.5,1.0,0.5
148001,0.0,0.0,0.0,0.0,0.0,0.0,0.0,0.0,1.0,1.0,1.0,1.0,1.0,1.0,1.0,1.0
148019,0.0,0.0,0.0,0.0,0.0,0.0,0.0,0.0,1.0,1.0,1.0,1.0,1.0,1.0,1.0,1.0
148059,0.0,0.0,0.0,0.0,0.0,0.0,0.0,0.0,1.0,1.0,1.0,1.0,1.0,1.0,1.0,1.0
159300,1.0,1.0,1.0,1.0,1.0,1.0,0.0,1.0,1.0,1.0,1.0,1.0,1.0,1.0,1.0,1.0
148103,0.0,0.0,0.0,0.0,1.0,0.0,0.0,0.0,1.0,1.0,1.0,1.0,0.5,1.0,1.0,1.0
149208,1.0,0.0,0.0,0.0,0.0,0.0,0.0,0.0,0.5,1.0,1.0,1.0,1.0,1.0,1.0,1.0
154817,1.0,0.0,1.0,1.0,1.0,1.0,0.0,0.0,0.5,1.0,1.0,1.0,0.5,0.5,1.0,1.0
155920,0.0,0.0,0.0,0.0,1.0,0.0,0.0,0.0,1.0,1.0,1.0,1.0,0.5,1.0,1.0,1.0
159114,1.0,1.0,1.0,1.0,1.0,0.0,0.0,0.0,0.5,0.5,0.5,0.5,0.5,1.0,1.0,1.0
159126,1.0,1.0,1.0,1.0,1.0,1.0,1.0,1.0,1.0,1.0,1.0,1.0,1.0,1.0,0.5,0.5
159130,1.0,1.0,1.0,1.0,1.0,1.0,0.0,0.0,0.5,0.5,1.0,1.0,1.0,0.5,1.0,1.0
159460,1.0,1.0,1.0,1.0,1.0,1.0,1.0,1.0,1.0,1.0,1.0,1.0,1.0,1.0,1.0,0.5
159186,1.0,1.0,1.0,1.0,1.0,1.0,1.0,1.0,1.0,1.0,1.0,1.0,1.0,1.0,1.0,1.0
159218,1.0,1.0,1.0,1.0,1.0,1.0,0.0,1.0,0.5,1.0,1.0,1.0,1.0,1.0,1.0,0.5
159230,1.0,1.0,1.0,1.0,1.0,1.0,0.0,1.0,1.0,1.0,0.5,0.5,1.0,0.5,1.0,0.5
159252,1.0,1.0,1.0,1.0,1.0,1.0,0.0,0.0,0.5,1.0,0.5,1.0,1.0,0.5,1.0,1.0
159258,1.0,1.0,1.0,1.0,1.0,1.0,0.0,0.0,0.5,1.0,1.0,1.0,1.0,0.5,1.0,1.0
159276,1.0,1.0,1.0,1.0,1.0,1.0,0.0,0.0,0.5,1.0,1.0,1.0,1.0,1.0,1.0,1.0
159284,1.0,1.0,1.0,1.0,1.0,1.0,1.0,1.0,1.0,1.0,1.0,1.0,1.0,1.0,0.5,0.5
159294,1.0,1.0,1.0,1.0,1.0,1.0,0.0,1.0,1.0,1.0,0.5,1.0,1.0,1.0,1.0,0.5
197088,0.0,0.0,0.0,0.0,0.0,0.0,0.0,0.0,1.0,1.0,1.0,1.0,1.0,1.0,1.0,1.0
159312,1.0,1.0,1.0,1.0,1.0,1.0,0.0,0.0,0.5,0.5,1.0,1.0,1.0,1.0,1.0,1.0
159318,1.0,1.0,1.0,1.0,1.0,1.0,1.0,1.0,1.0,1.0,1.0,1.0,0.5,0.5,0.5,1.0
159324,1.0,1.0,1.0,1.0,1.0,1.0,1.0,1.0,1.0,1.0,1.0,1.0,1.0,1.0,0.5,1.0
159330,1.0,1.0,1.0,1.0,1.0,1.0,1.0,1.0,1.0,1.0,1.0,1.0,1.0,0.5,0.5,1.0
159378,1.0,1.0,1.0,1.0,1.0,1.0,1.0,1.0,1.0,1.0,1.0,1.0,1.0,1.0,0.5,1.0
159394,1.0,1.0,1.0,1.0,1.0,1.0,1.0,0.0,0.5,1.0,0.5,1.0,1.0,1.0,0.5,1.0
159420,1.0,1.0,1.0,1.0,1.0,1.0,1.0,1.0,1.0,1.0,1.0,1.0,1.0,0.5,0.5,1.0
159430,1.0,1.0,1.0,1.0,1.0,1.0,0.0,1.0,1.0,1.0,1.0,1.0,1.0,1.0,1.0,0.5
159440,1.0,1.0,1.0,1.0,1.0,0.0,0.0,1.0,1.0,1.0,1.0,1.0,1.0,1.0,1.0,0.5
159456,1.0,1.0,1.0,1.0,1.0,1.0,1.0,1.0,0.5,0.5,1.0,1.0,1.0,0.5,0.5,0.5
159468,1.0,1.0,1.0,1.0,1.0,1.0,1.0,0.0,0.5,1.0,1.0,1.0,1.0,1.0,0.5,1.0
159512,1.0,1.0,1.0,1.0,1.0,1.0,1.0,1.0,1.0,0.5,1.0,1.0,1.0,0.5,0.5,0.5
171691,1.0,1.0,1.0,1.0,1.0,1.0,1.0,1.0,1.0,1.0,1.0,1.0,1.0,1.0,0.5,1.0
172122,1.0,1.0,1.0,1.0,1.0,1.0,1.0,1.0,1.0,1.0,0.5,1.0,0.5,1.0,1.0,1.0
172134,0.0,0.0,0.0,0.0,0.0,0.0,0.0,0.0,1.0,1.0,1.0,1.0,1.0,1.0,1.0,1.0
187155,1.0,1.0,1.0,1.0,1.0,1.0,1.0,1.0,0.5,1.0,1.0,1.0,1.0,1.0,0.5,0.5
187157,0.0,0.0,0.0,0.0,0.0,0.0,0.0,0.0,1.0,1.0,1.0,1.0,1.0,1.0,1.0,1.0
187167,0.0,0.0,0.0,0.0,0.0,0.0,0.0,0.0,1.0,1.0,1.0,1.0,1.0,1.0,1.0,1.0
187197,0.0,0.0,0.0,0.0,0.0,0.0,0.0,0.0,1.0,1.0,1.0,1.0,1.0,1.0,1.0,1.0
197094,0.0,0.0,0.0,0.0,0.0,0.0,0.0,0.0,1.0,1.0,1.0,1.0,1.0,1.0,1.0,1.0
197096,0.0,0.0,0.0,0.0,0.0,0.0,0.0,0.0,1.0,1.0,1.0,1.0,1.0,1.0,1.0,1.0
197098,0.0,0.0,0.0,0.0,0.0,0.0,0.0,0.0,1.0,1.0,1.0,1.0,1.0,1.0,1.0,1.0
198527,0.0,0.0,0.0,0.0,0.0,0.0,0.0,0.0,1.0,1.0,1.0,1.0,1.0,1.0,1.0,1.0
205591,1.0,1.0,1.0,1.0,1.0,1.0,0.0,0.0,0.5,0.5,0.5,1.0,0.5,0.5,1.0,1.0
205595,0.0,0.0,0.0,0.0,0.0,0.0,0.0,0.0,1.0,1.0,1.0,1.0,1.0,1.0,1.0,1.0
205630,1.0,1.0,1.0,1.0,1.0,1.0,1.0,1.0,1.0,1.0,1.0,1.0,1.0,1.0,1.0,1.0
205634,1.0,1.0,1.0,1.0,1.0,1.0,0.0,0.0,0.5,0.5,0.5,0.5,0.5,0.5,1.0,1.0
206411,0.0,0.0,0.0,0.0,0.0,0.0,0.0,0.0,1.0,1.0,1.0,1.0,1.0,1.0,1.0,1.0
206427,0.0,0.0,0.0,0.0,0.0,0.0,0.0,0.0,1.0,1.0,1.0,1.0,1.0,1.0,1.0,1.0
206429,0.0,0.0,0.0,0.0,0.0,0.0,0.0,0.0,1.0,1.0,1.0,1.0,1.0,1.0,1.0,1.0
206437,1.0,1.0,1.0,1.0,1.0,1.0,0.0,1.0,1.0,1.0,1.0,1.0,1.0,1.0,1.0,0.5
206443,0.0,0.0,0.0,0.0,0.0,0.0,0.0,0.0,1.0,1.0,1.0,1.0,1.0,1.0,1.0,1.0
207295,0.0,0.0,0.0,0.0,0.0,0.0,0.0,0.0,1.0,1.0,1.0,1.0,1.0,1.0,1.0,1.0
216621,0.0,0.0,0.0,0.0,0.0,0.0,0.0,0.0,1.0,1.0,1.0,1.0,1.0,1.0,1.0,1.0
216623,0.0,0.0,0.0,0.0,0.0,0.0,0.0,0.0,1.0,1.0,1.0,1.0,1.0,1.0,1.0,1.0
216643,0.0,0.0,0.0,0.0,0.0,0.0,0.0,0.0,1.0,1.0,1.0,1.0,1.0,1.0,1.0,1.0
216649,0.0,0.0,0.0,0.0,0.0,0.0,0.0,0.0,1.0,1.0,1.0,1.0,1.0,1.0,1.0,1.0
216651,0.0,0.0,0.0,0.0,0.0,0.0,0.0,0.0,1.0,1.0,1.0,1.0,1.0,1.0,1.0,1.0
614552,1.0,1.0,1.0,1.0,1.0,1.0,1.0,0.0,0.5,1.0,0.5,1.0,1.0,1.0,0.5,1.0
614566,0.0,1.0,1.0,1.0,1.0,1.0,0.0,0.0,1.0,0.5,0.5,0.5,0.5,0.5,1.0,1.0
614572,1.0,1.0,1.0,1.0,1.0,0.0,1.0,0.0,0.5,1.0,0.5,0.5,0.5,1.0,0.5,1.0
614576,1.0,1.0,1.0,1.0,1.0,1.0,1.0,1.0,1.0,0.5,0.5,1.0,0.5,0.5,0.5,0.5
614640,0.0,1.0,1.0,1.0,1.0,0.0,0.0,0.0,1.0,0.5,0.5,0.5,0.5,1.0,1.0,1.0
614654,0.0,0.0,0.0,0.0,0.0,0.0,0.0,0.0,1.0,1.0,1.0,1.0,1.0,1.0,1.0,1.0
614664,1.0,1.0,1.0,1.0,1.0,1.0,1.0,1.0,1.0,1.0,1.0,1.0,1.0,0.5,0.5,1.0
614706,1.0,1.0,1.0,1.0,1.0,0.0,1.0,1.0,1.0,0.5,0.5,1.0,0.5,1.0,0.5,1.0
614722,0.0,0.0,0.0,0.0,0.0,0.0,0.0,0.0,1.0,1.0,1.0,1.0,1.0,1.0,1.0,1.0
614754,0.0,0.0,0.0,0.0,0.0,0.0,0.0,0.0,1.0,1.0,1.0,1.0,1.0,1.0,1.0,1.0
614802,1.0,0.0,1.0,1.0,1.0,0.0,0.0,1.0,1.0,1.0,0.5,1.0,0.5,1.0,1.0,1.0
614824,0.0,0.0,0.0,0.0,0.0,0.0,0.0,0.0,1.0,1.0,1.0,1.0,1.0,1.0,1.0,1.0
614850,0.0,0.0,1.0,0.0,1.0,0.0,0.0,0.0,1.0,1.0,0.5,1.0,0.5,1.0,1.0,1.0
614872,0.0,0.0,0.0,0.0,0.0,0.0,0.0,0.0,1.0,1.0,1.0,1.0,1.0,1.0,1.0,1.0
614918,0.0,0.0,0.0,0.0,0.0,0.0,0.0,0.0,1.0,1.0,1.0,1.0,1.0,1.0,1.0,1.0
614730,1.0,0.0,1.0,1.0,1.0,0.0,0.0,1.0,1.0,1.0,1.0,1.0,0.5,1.0,1.0,0.5
614892,0.0,0.0,0.0,0.0,0.0,0.0,0.0,0.0,1.0,1.0,1.0,1.0,1.0,1.0,1.0,1.0
614908,1.0,1.0,1.0,1.0,1.0,1.0,0.0,1.0,1.0,0.5,1.0,1.0,1.0,0.5,1.0,1.0
614928,0.0,0.0,0.0,0.0,0.0,0.0,0.0,0.0,1.0,1.0,1.0,1.0,1.0,1.0,1.0,1.0
614932,0.0,0.0,0.0,0.0,0.0,0.0,0.0,0.0,1.0,1.0,1.0,1.0,1.0,1.0,1.0,1.0
614944,0.0,0.0,0.0,0.0,0.0,0.0,0.0,0.0,1.0,1.0,1.0,1.0,1.0,1.0,1.0,1.0
614988,0.0,0.0,0.0,0.0,0.0,0.0,0.0,0.0,1.0,1.0,1.0,1.0,1.0,1.0,1.0,1.0
615028,0.0,0.0,0.0,0.0,0.0,0.0,0.0,0.0,1.0,1.0,1.0,1.0,1.0,1.0,1.0,1.0
615034,1.0,1.0,1.0,1.0,1.0,1.0,0.0,1.0,0.5,0.5,0.5,1.0,1.0,1.0,1.0,0.5
615050,1.0,1.0,1.0,1.0,1.0,1.0,0.0,0.0,0.5,1.0,0.5,0.5,1.0,0.5,1.0,1.0
615132,1.0,1.0,1.0,1.0,1.0,1.0,1.0,1.0,1.0,1.0,1.0,1.0,1.0,1.0,0.5,0.5
615138,1.0,1.0,1.0,1.0,1.0,1.0,0.0,1.0,1.0,1.0,1.0,1.0,1.0,1.0,1.0,0.5
615180,1.0,1.0,1.0,1.0,1.0,1.0,1.0,1.0,1.0,1.0,0.5,1.0,0.5,0.5,1.0,1.0
615196,0.0,0.0,0.0,0.0,0.0,0.0,0.0,0.0,1.0,1.0,1.0,1.0,1.0,1.0,1.0,1.0
615204,1.0,1.0,1.0,1.0,1.0,1.0,1.0,1.0,1.0,1.0,1.0,1.0,1.0,1.0,0.5,0.5
615252,1.0,1.0,1.0,1.0,1.0,1.0,0.0,1.0,0.5,1.0,1.0,1.0,1.0,1.0,1.0,0.5
615256,0.0,0.0,0.0,0.0,1.0,0.0,0.0,0.0,1.0,1.0,1.0,1.0,0.5,1.0,1.0,1.0
615274,1.0,1.0,1.0,1.0,1.0,1.0,0.0,1.0,1.0,1.0,1.0,1.0,1.0,1.0,1.0,1.0
615336,1.0,1.0,1.0,1.0,1.0,1.0,0.0,0.0,0.5,1.0,0.5,1.0,0.5,0.5,1.0,1.0
615340,1.0,1.0,1.0,0.0,1.0,0.0,0.0,0.0,0.5,0.5,0.5,1.0,0.5,1.0,1.0,1.0
615422,0.0,0.0,0.0,0.0,0.0,0.0,0.0,0.0,1.0,1.0,1.0,1.0,1.0,1.0,1.0,1.0
615436,1.0,1.0,1.0,1.0,1.0,1.0,0.0,1.0,1.0,0.5,0.5,1.0,1.0,1.0,1.0,0.5
614634,0.0,0.0,0.0,0.0,0.0,0.0,0.0,0.0,1.0,1.0,1.0,1.0,1.0,1.0,1.0,1.0
614638,1.0,1.0,1.0,1.0,1.0,1.0,1.0,1.0,1.0,1.0,1.0,1.0,1.0,1.0,0.5,1.0
614642,1.0,1.0,1.0,1.0,1.0,1.0,1.0,0.0,0.5,1.0,1.0,1.0,1.0,1.0,1.0,1.0
614648,0.0,0.0,0.0,0.0,0.0,0.0,0.0,0.0,1.0,1.0,1.0,1.0,1.0,1.0,1.0,1.0
614698,1.0,1.0,1.0,1.0,1.0,1.0,1.0,1.0,1.0,1.0,1.0,1.0,1.0,0.5,0.5,0.5
615448,0.0,0.0,0.0,0.0,0.0,0.0,0.0,0.0,1.0,1.0,1.0,1.0,1.0,1.0,1.0,1.0
615454,1.0,1.0,1.0,1.0,1.0,0.0,1.0,1.0,0.5,1.0,0.5,0.5,0.5,1.0,0.5,0.5
615478,1.0,1.0,1.0,1.0,1.0,1.0,0.0,1.0,1.0,0.5,1.0,1.0,1.0,0.5,1.0,1.0
615518,1.0,1.0,1.0,1.0,1.0,1.0,1.0,1.0,0.5,1.0,1.0,1.0,1.0,1.0,0.5,0.5
615536,1.0,1.0,1.0,1.0,1.0,1.0,1.0,1.0,0.5,1.0,0.5,0.5,0.5,0.5,0.5,0.5
216665,0.0,0.0,0.0,0.0,0.0,0.0,0.0,0.0,1.0,1.0,1.0,1.0,1.0,1.0,1.0,1.0
235719,0.0,0.0,0.0,0.0,0.0,0.0,0.0,0.0,1.0,1.0,1.0,1.0,1.0,1.0,1.0,1.0
235739,0.0,0.0,0.0,0.0,0.0,0.0,0.0,0.0,1.0,1.0,1.0,1.0,1.0,1.0,1.0,1.0
257937,1.0,1.0,1.0,1.0,1.0,1.0,0.0,1.0,0.5,1.0,1.0,1.0,1.0,1.0,1.0,0.5
257947,0.0,0.0,0.0,0.0,0.0,0.0,0.0,0.0,1.0,1.0,1.0,1.0,1.0,1.0,1.0,1.0
257957,1.0,1.0,1.0,1.0,1.0,1.0,0.0,1.0,1.0,1.0,1.0,1.0,1.0,1.0,1.0,1.0
257963,0.0,0.0,0.0,0.0,0.0,0.0,0.0,0.0,1.0,1.0,1.0,1.0,1.0,1.0,1.0,1.0
258503,0.0,1.0,1.0,0.0,1.0,0.0,0.0,0.0,1.0,0.5,0.5,1.0,0.5,1.0,1.0,1.0
258505,0.0,0.0,0.0,0.0,0.0,0.0,0.0,0.0,1.0,1.0,1.0,1.0,1.0,1.0,1.0,1.0
258509,0.0,1.0,1.0,0.0,1.0,1.0,0.0,0.0,1.0,0.5,0.5,1.0,0.5,0.5,1.0,1.0
259181,0.0,1.0,1.0,1.0,1.0,1.0,0.0,0.0,1.0,0.5,1.0,0.5,0.5,1.0,1.0,1.0
259191,0.0,1.0,1.0,1.0,1.0,1.0,0.0,0.0,1.0,1.0,1.0,1.0,1.0,1.0,1.0,1.0
259193,0.0,0.0,0.0,0.0,0.0,0.0,0.0,0.0,1.0,1.0,1.0,1.0,1.0,1.0,1.0,1.0
259197,0.0,0.0,0.0,0.0,0.0,0.0,0.0,0.0,1.0,1.0,1.0,1.0,1.0,1.0,1.0,1.0
259215,0.0,0.0,0.0,0.0,0.0,0.0,0.0,0.0,1.0,1.0,1.0,1.0,1.0,1.0,1.0,1.0
614480,1.0,1.0,1.0,1.0,1.0,1.0,0.0,1.0,1.0,1.0,0.5,1.0,0.5,1.0,1.0,0.5
614534,0.0,0.0,0.0,0.0,0.0,0.0,0.0,0.0,1.0,1.0,1.0,1.0,1.0,1.0,1.0,1.0
614542,1.0,1.0,1.0,1.0,1.0,1.0,0.0,0.0,0.5,1.0,1.0,1.0,1.0,1.0,1.0,1.0
614598,0.0,0.0,0.0,0.0,0.0,0.0,0.0,0.0,1.0,1.0,1.0,1.0,1.0,1.0,1.0,1.0
614624,0.0,0.0,0.0,0.0,0.0,0.0,0.0,0.0,1.0,1.0,1.0,1.0,1.0,1.0,1.0,1.0
614662,0.0,0.0,0.0,0.0,0.0,0.0,0.0,0.0,1.0,1.0,1.0,1.0,1.0,1.0,1.0,1.0
614684,1.0,0.0,1.0,1.0,0.0,0.0,0.0,0.0,0.5,1.0,0.5,1.0,1.0,1.0,1.0,1.0
614688,1.0,1.0,0.0,1.0,1.0,0.0,0.0,1.0,1.0,0.5,1.0,1.0,0.5,1.0,1.0,1.0
614696,0.0,0.0,0.0,0.0,0.0,0.0,0.0,0.0,1.0,1.0,1.0,1.0,1.0,1.0,1.0,1.0
614716,1.0,1.0,1.0,0.0,1.0,0.0,0.0,0.0,0.5,0.5,0.5,1.0,0.5,1.0,1.0,1.0
614720,0.0,1.0,0.0,0.0,0.0,0.0,0.0,0.0,1.0,0.5,1.0,1.0,1.0,1.0,1.0,1.0
614734,0.0,0.0,0.0,0.0,0.0,0.0,0.0,0.0,1.0,1.0,1.0,1.0,1.0,1.0,1.0,1.0
614806,1.0,1.0,1.0,1.0,1.0,1.0,0.0,0.0,0.5,0.5,0.5,0.5,0.5,0.5,1.0,1.0
614810,0.0,0.0,0.0,0.0,0.0,0.0,0.0,0.0,1.0,1.0,1.0,1.0,1.0,1.0,1.0,1.0
614828,0.0,1.0,1.0,1.0,1.0,1.0,1.0,0.0,1.0,1.0,0.5,0.5,1.0,1.0,0.5,1.0
614838,1.0,1.0,1.0,1.0,1.0,0.0,1.0,1.0,1.0,0.5,0.5,1.0,0.5,1.0,0.5,1.0
614840,0.0,0.0,0.0,0.0,0.0,0.0,0.0,0.0,1.0,1.0,1.0,1.0,1.0,1.0,1.0,1.0
614844,0.0,0.0,0.0,0.0,0.0,0.0,0.0,0.0,1.0,1.0,1.0,1.0,1.0,1.0,1.0,1.0
614848,1.0,1.0,1.0,1.0,1.0,1.0,0.0,1.0,1.0,1.0,0.5,1.0,0.5,1.0,1.0,0.5
614880,1.0,1.0,1.0,1.0,1.0,1.0,0.0,1.0,1.0,0.5,0.5,1.0,0.5,0.5,1.0,1.0
614890,1.0,1.0,1.0,1.0,1.0,1.0,1.0,1.0,1.0,1.0,1.0,1.0,1.0,1.0,1.0,1.0
614940,0.0,1.0,1.0,0.0,1.0,1.0,0.0,0.0,1.0,0.5,0.5,1.0,0.5,0.5,1.0,1.0
614954,1.0,1.0,1.0,1.0,1.0,1.0,0.0,1.0,1.0,1.0,1.0,1.0,1.0,0.5,1.0,0.5
614962,1.0,1.0,1.0,1.0,1.0,1.0,0.0,1.0,1.0,0.5,0.5,1.0,1.0,0.5,1.0,0.5
615026,0.0,0.0,0.0,0.0,0.0,0.0,0.0,0.0,1.0,1.0,1.0,1.0,1.0,1.0,1.0,1.0
615048,0.0,0.0,0.0,0.0,0.0,0.0,0.0,0.0,1.0,1.0,1.0,1.0,1.0,1.0,1.0,1.0
615056,1.0,1.0,1.0,1.0,1.0,1.0,1.0,1.0,1.0,1.0,1.0,1.0,1.0,1.0,1.0,1.0
615058,0.0,0.0,0.0,0.0,0.0,0.0,0.0,0.0,1.0,1.0,1.0,1.0,1.0,1.0,1.0,1.0
615084,0.0,0.0,0.0,0.0,0.0,0.0,0.0,0.0,1.0,1.0,1.0,1.0,1.0,1.0,1.0,1.0
615150,1.0,1.0,1.0,1.0,1.0,1.0,1.0,1.0,1.0,1.0,1.0,1.0,1.0,1.0,0.5,0.5
615168,0.0,0.0,0.0,0.0,0.0,0.0,0.0,0.0,1.0,1.0,1.0,1.0,1.0,1.0,1.0,1.0
615172,1.0,1.0,1.0,1.0,1.0,1.0,0.0,1.0,0.5,1.0,1.0,0.5,1.0,1.0,1.0,0.5
615174,1.0,1.0,1.0,1.0,1.0,1.0,1.0,1.0,1.0,1.0,1.0,1.0,1.0,1.0,0.5,0.5
615184,1.0,0.0,1.0,1.0,1.0,0.0,0.0,1.0,1.0,1.0,1.0,1.0,0.5,1.0,1.0,0.5
615202,1.0,1.0,1.0,1.0,1.0,1.0,1.0,0.0,0.5,0.5,1.0,1.0,0.5,0.5,0.5,1.0
615246,1.0,1.0,1.0,1.0,1.0,1.0,1.0,1.0,0.5,1.0,1.0,1.0,1.0,1.0,0.5,0.5
615248,0.0,0.0,0.0,0.0,0.0,0.0,0.0,0.0,1.0,1.0,1.0,1.0,1.0,1.0,1.0,1.0
615278,1.0,1.0,1.0,1.0,0.0,0.0,1.0,0.0,0.5,1.0,0.5,0.5,1.0,1.0,0.5,1.0
615282,1.0,1.0,1.0,1.0,1.0,1.0,1.0,1.0,1.0,1.0,1.0,1.0,1.0,1.0,0.5,0.5
615324,1.0,1.0,1.0,1.0,1.0,1.0,0.0,0.0,0.5,0.5,1.0,1.0,1.0,1.0,1.0,1.0
615358,1.0,1.0,1.0,1.0,1.0,1.0,0.0,0.0,0.5,1.0,1.0,1.0,1.0,1.0,1.0,1.0
615388,0.0,0.0,0.0,0.0,0.0,0.0,0.0,0.0,1.0,1.0,1.0,1.0,1.0,1.0,1.0,1.0
615410,0.0,0.0,0.0,0.0,0.0,0.0,0.0,0.0,1.0,1.0,1.0,1.0,1.0,1.0,1.0,1.0
615416,0.0,0.0,0.0,0.0,0.0,0.0,0.0,0.0,1.0,1.0,1.0,1.0,1.0,1.0,1.0,1.0
615506,0.0,0.0,0.0,0.0,0.0,0.0,0.0,0.0,1.0,1.0,1.0,1.0,1.0,1.0,1.0,1.0
216667,0.0,0.0,0.0,0.0,0.0,0.0,0.0,0.0,1.0,1.0,1.0,1.0,1.0,1.0,1.0,1.0
235701,1.0,1.0,1.0,1.0,1.0,1.0,1.0,1.0,1.0,1.0,1.0,1.0,1.0,0.5,1.0,1.0
235721,1.0,0.0,1.0,1.0,1.0,1.0,1.0,0.0,0.5,1.0,0.5,0.5,0.5,0.5,0.5,1.0
235725,0.0,0.0,0.0,0.0,0.0,0.0,0.0,0.0,1.0,1.0,1.0,1.0,1.0,1.0,1.0,1.0
235729,0.0,0.0,0.0,0.0,0.0,0.0,0.0,0.0,1.0,1.0,1.0,1.0,1.0,1.0,1.0,1.0
257929,0.0,0.0,0.0,0.0,0.0,0.0,0.0,0.0,1.0,1.0,1.0,1.0,1.0,1.0,1.0,1.0
257935,0.0,0.0,0.0,0.0,0.0,0.0,0.0,0.0,1.0,1.0,1.0,1.0,1.0,1.0,1.0,1.0
257943,0.0,0.0,0.0,0.0,0.0,0.0,0.0,0.0,1.0,1.0,1.0,1.0,1.0,1.0,1.0,1.0
614472,1.0,1.0,1.0,1.0,1.0,1.0,0.0,0.0,0.5,1.0,0.5,1.0,1.0,1.0,1.0,1.0
614548,1.0,1.0,1.0,0.0,1.0,0.0,0.0,0.0,0.5,1.0,0.5,1.0,0.5,1.0,1.0,1.0
614606,1.0,1.0,1.0,1.0,1.0,1.0,1.0,1.0,0.5,1.0,1.0,1.0,1.0,1.0,0.5,0.5
614712,1.0,1.0,1.0,1.0,1.0,1.0,1.0,1.0,1.0,1.0,1.0,1.0,1.0,0.5,0.5,0.5
614740,1.0,1.0,1.0,1.0,1.0,1.0,1.0,1.0,1.0,1.0,0.5,1.0,1.0,1.0,0.5,1.0
614794,0.0,0.0,0.0,0.0,0.0,0.0,0.0,0.0,1.0,1.0,1.0,1.0,1.0,1.0,1.0,1.0
614834,0.0,0.0,0.0,0.0,0.0,0.0,0.0,0.0,1.0,1.0,1.0,1.0,1.0,1.0,1.0,1.0
614846,0.0,0.0,0.0,0.0,0.0,0.0,0.0,0.0,1.0,1.0,1.0,1.0,1.0,1.0,1.0,1.0
614528,0.0,1.0,1.0,1.0,1.0,1.0,0.0,0.0,1.0,0.5,0.5,1.0,0.5,0.5,1.0,1.0
614584,1.0,1.0,1.0,1.0,1.0,1.0,1.0,1.0,1.0,1.0,0.5,1.0,1.0,1.0,0.5,0.5
614590,1.0,1.0,1.0,1.0,1.0,1.0,0.0,1.0,0.5,1.0,1.0,1.0,1.0,1.0,1.0,0.5
614602,0.0,0.0,0.0,0.0,0.0,0.0,0.0,0.0,1.0,1.0,1.0,1.0,1.0,1.0,1.0,1.0
614862,0.0,0.0,0.0,0.0,0.0,0.0,0.0,0.0,1.0,1.0,1.0,1.0,1.0,1.0,1.0,1.0
614986,0.0,0.0,0.0,0.0,0.0,0.0,0.0,0.0,1.0,1.0,1.0,1.0,1.0,1.0,1.0,1.0
614990,1.0,1.0,1.0,1.0,1.0,1.0,1.0,1.0,1.0,1.0,1.0,1.0,1.0,1.0,0.5,1.0
615068,0.0,0.0,0.0,0.0,0.0,0.0,0.0,0.0,1.0,1.0,1.0,1.0,1.0,1.0,1.0,1.0
615136,1.0,1.0,1.0,1.0,1.0,1.0,1.0,1.0,1.0,1.0,1.0,1.0,1.0,1.0,0.5,1.0
615166,1.0,1.0,1.0,1.0,1.0,1.0,1.0,1.0,1.0,1.0,1.0,1.0,1.0,1.0,1.0,1.0
615220,1.0,1.0,1.0,1.0,1.0,1.0,1.0,1.0,0.5,1.0,1.0,1.0,1.0,1.0,1.0,0.5
615254,1.0,1.0,1.0,1.0,1.0,1.0,1.0,1.0,0.5,1.0,1.0,1.0,1.0,1.0,0.5,0.5
615266,1.0,1.0,1.0,1.0,1.0,1.0,1.0,1.0,0.5,1.0,1.0,1.0,1.0,1.0,0.5,0.5
615320,0.0,0.0,0.0,0.0,0.0,0.0,0.0,0.0,1.0,1.0,1.0,1.0,1.0,1.0,1.0,1.0
615352,1.0,1.0,1.0,1.0,1.0,1.0,0.0,1.0,1.0,0.5,0.5,0.5,0.5,1.0,1.0,0.5
615368,1.0,1.0,1.0,1.0,1.0,1.0,1.0,1.0,1.0,1.0,1.0,1.0,1.0,1.0,0.5,0.5
615370,1.0,1.0,1.0,1.0,1.0,1.0,1.0,1.0,1.0,1.0,1.0,1.0,1.0,1.0,0.5,0.5
615412,0.0,0.0,0.0,0.0,0.0,0.0,0.0,0.0,1.0,1.0,1.0,1.0,1.0,1.0,1.0,1.0
615432,1.0,1.0,1.0,1.0,1.0,1.0,1.0,0.0,0.5,1.0,1.0,1.0,1.0,1.0,0.5,1.0
615484,0.0,1.0,1.0,0.0,1.0,0.0,0.0,0.0,1.0,0.5,0.5,1.0,0.5,1.0,1.0,1.0
615514,0.0,0.0,0.0,0.0,0.0,0.0,0.0,0.0,1.0,1.0,1.0,1.0,1.0,1.0,1.0,1.0
615522,1.0,1.0,1.0,1.0,1.0,1.0,1.0,1.0,0.5,1.0,0.5,1.0,1.0,1.0,0.5,0.5
615530,0.0,0.0,0.0,0.0,0.0,0.0,0.0,0.0,1.0,1.0,1.0,1.0,1.0,1.0,1.0,1.0
216661,0.0,0.0,0.0,0.0,0.0,0.0,0.0,0.0,1.0,1.0,1.0,1.0,1.0,1.0,1.0,1.0
235689,0.0,0.0,0.0,0.0,0.0,0.0,0.0,0.0,1.0,1.0,1.0,1.0,1.0,1.0,1.0,1.0
235695,0.0,0.0,0.0,0.0,0.0,0.0,0.0,0.0,1.0,1.0,1.0,1.0,1.0,1.0,1.0,1.0
257923,0.0,0.0,0.0,0.0,0.0,0.0,0.0,0.0,1.0,1.0,1.0,1.0,1.0,1.0,1.0,1.0
258507,0.0,0.0,0.0,0.0,0.0,0.0,0.0,0.0,1.0,1.0,1.0,1.0,1.0,1.0,1.0,1.0
259173,0.0,0.0,0.0,0.0,0.0,0.0,0.0,0.0,1.0,1.0,1.0,1.0,1.0,1.0,1.0,1.0
614464,1.0,1.0,1.0,1.0,1.0,1.0,0.0,1.0,1.0,1.0,1.0,1.0,1.0,1.0,1.0,0.5
86662,1.0,1.0,1.0,1.0,1.0,1.0,1.0,0.0,0.5,1.0,1.0,1.0,1.0,1.0,0.5,1.0
89034,0.0,0.0,0.0,0.0,0.0,0.0,0.0,0.0,1.0,1.0,1.0,1.0,1.0,1.0,1.0,1.0
89038,1.0,1.0,1.0,1.0,1.0,1.0,0.0,0.0,0.5,1.0,0.5,1.0,1.0,1.0,1.0,1.0
89040,1.0,1.0,1.0,1.0,1.0,1.0,0.0,0.0,0.5,0.5,0.5,0.5,0.5,0.5,1.0,1.0
89984,0.0,0.0,0.0,0.0,0.0,0.0,0.0,0.0,1.0,1.0,1.0,1.0,1.0,1.0,1.0,1.0
98020,1.0,1.0,1.0,1.0,1.0,1.0,0.0,1.0,1.0,1.0,0.5,1.0,1.0,1.0,1.0,1.0
615360,0.0,1.0,0.0,0.0,0.0,0.0,0.0,0.0,1.0,0.5,1.0,1.0,1.0,1.0,1.0,1.0
615540,1.0,1.0,1.0,1.0,1.0,1.0,0.0,1.0,1.0,0.5,0.5,1.0,1.0,1.0,1.0,1.0
74980,1.0,,1.0,1.0,1.0,1.0,1.0,1.0,1.0,,0.5,1.0,1.0,1.0,0.5,0.5
75098,1.0,,1.0,1.0,1.0,0.0,0.0,1.0,0.5,,0.5,1.0,0.5,1.0,1.0,0.5
74990,1.0,,1.0,1.0,1.0,0.0,0.0,1.0,1.0,,1.0,1.0,1.0,1.0,1.0,0.5
117121,1.0,1.0,1.0,1.0,1.0,1.0,0.0,,0.5,1.0,1.0,1.0,1.0,1.0,1.0,
207307,0.0,0.0,0.0,0.0,0.0,0.0,0.0,,1.0,1.0,1.0,1.0,1.0,1.0,1.0,
235687,0.0,0.0,1.0,1.0,1.0,0.0,0.0,,1.0,1.0,0.5,0.5,0.5,1.0,1.0,
143334,1.0,1.0,,1.0,1.0,1.0,0.0,1.0,1.0,1.0,,1.0,1.0,1.0,1.0,1.0
143344,1.0,1.0,,1.0,1.0,1.0,0.0,0.0,0.5,0.5,,0.5,0.5,0.5,1.0,1.0
172116,0.0,0.0,,0.0,1.0,0.0,0.0,0.0,1.0,1.0,,1.0,0.5,1.0,1.0,1.0
81793,0.0,1.0,1.0,0.0,1.0,1.0,0.0,,1.0,0.5,0.5,1.0,0.5,0.5,1.0,
81797,0.0,0.0,0.0,0.0,0.0,0.0,0.0,,1.0,1.0,1.0,1.0,1.0,1.0,1.0,
81819,1.0,1.0,1.0,1.0,1.0,1.0,1.0,,1.0,1.0,0.5,1.0,1.0,1.0,1.0,
81821,1.0,1.0,1.0,1.0,1.0,1.0,1.0,,0.5,0.5,0.5,0.5,0.5,1.0,1.0,
81869,0.0,1.0,1.0,0.0,1.0,0.0,0.0,,1.0,0.5,0.5,1.0,0.5,1.0,1.0,
81895,1.0,1.0,1.0,1.0,1.0,1.0,1.0,,1.0,1.0,1.0,1.0,1.0,0.5,0.5,
82135,1.0,0.0,1.0,1.0,1.0,1.0,0.0,,0.5,1.0,1.0,1.0,0.5,0.5,1.0,
77417,0.0,0.0,0.0,0.0,0.0,0.0,0.0,,1.0,1.0,1.0,1.0,1.0,1.0,1.0,
77711,1.0,1.0,1.0,1.0,1.0,1.0,1.0,,0.5,1.0,1.0,1.0,1.0,1.0,0.5,
89982,1.0,1.0,1.0,1.0,1.0,1.0,0.0,,0.5,1.0,1.0,1.0,1.0,1.0,1.0,
90020,1.0,1.0,1.0,1.0,1.0,1.0,0.0,,1.0,1.0,1.0,1.0,1.0,1.0,1.0,
91777,1.0,1.0,1.0,1.0,1.0,1.0,1.0,,0.5,0.5,1.0,1.0,1.0,1.0,0.5,
92661,1.0,1.0,1.0,1.0,1.0,1.0,0.0,,0.5,1.0,1.0,1.0,1.0,1.0,1.0,
89968,1.0,1.0,1.0,1.0,1.0,1.0,0.0,,0.5,0.5,0.5,0.5,1.0,0.5,1.0,
89976,1.0,1.0,1.0,1.0,1.0,0.0,0.0,,0.5,0.5,0.5,0.5,0.5,1.0,1.0,
93447,1.0,1.0,1.0,1.0,1.0,1.0,1.0,,0.5,1.0,1.0,1.0,1.0,0.5,0.5,
94942,1.0,1.0,1.0,1.0,1.0,1.0,0.0,,0.5,0.5,1.0,1.0,1.0,0.5,1.0,
93645,1.0,1.0,1.0,1.0,1.0,1.0,1.0,,1.0,1.0,1.0,1.0,1.0,1.0,1.0,
94139,1.0,1.0,1.0,1.0,1.0,1.0,0.0,,0.5,1.0,1.0,0.5,1.0,0.5,1.0,
95196,0.0,0.0,0.0,0.0,0.0,0.0,0.0,,1.0,1.0,1.0,1.0,1.0,1.0,1.0,
95243,1.0,1.0,1.0,1.0,1.0,0.0,0.0,,1.0,0.5,0.5,1.0,0.5,1.0,1.0,
95399,1.0,1.0,1.0,1.0,1.0,1.0,0.0,,0.5,1.0,1.0,1.0,1.0,1.0,1.0,
95807,1.0,1.0,1.0,1.0,1.0,1.0,1.0,,1.0,1.0,1.0,1.0,1.0,1.0,0.5,
95823,1.0,1.0,1.0,1.0,1.0,1.0,0.0,,0.5,1.0,1.0,1.0,1.0,1.0,1.0,
95963,1.0,1.0,1.0,1.0,1.0,1.0,1.0,,1.0,1.0,1.0,1.0,1.0,1.0,0.5,
96099,1.0,1.0,1.0,1.0,1.0,1.0,1.0,,0.5,1.0,1.0,1.0,1.0,1.0,0.5,
94986,1.0,1.0,1.0,1.0,1.0,1.0,1.0,,1.0,1.0,1.0,1.0,1.0,1.0,0.5,
94998,1.0,1.0,1.0,1.0,1.0,1.0,1.0,,0.5,1.0,1.0,1.0,1.0,0.5,0.5,
95012,1.0,0.0,0.0,1.0,1.0,0.0,0.0,,1.0,1.0,1.0,1.0,0.5,1.0,1.0,
95100,1.0,0.0,1.0,1.0,1.0,0.0,0.0,,0.5,1.0,1.0,1.0,0.5,1.0,1.0,
96155,1.0,1.0,1.0,1.0,1.0,1.0,0.0,,1.0,1.0,1.0,1.0,1.0,1.0,1.0,
96161,1.0,1.0,1.0,1.0,1.0,1.0,0.0,,1.0,0.5,1.0,1.0,1.0,0.5,1.0,
96245,1.0,1.0,1.0,1.0,1.0,1.0,1.0,,0.5,1.0,1.0,1.0,1.0,1.0,0.5,
96255,1.0,1.0,1.0,1.0,1.0,1.0,1.0,,1.0,1.0,1.0,1.0,1.0,1.0,1.0,
96452,0.0,1.0,1.0,1.0,1.0,1.0,0.0,,1.0,1.0,1.0,1.0,1.0,0.5,1.0,
96593,1.0,1.0,1.0,1.0,1.0,1.0,1.0,,1.0,1.0,1.0,1.0,1.0,1.0,1.0,
96601,1.0,1.0,1.0,1.0,1.0,1.0,0.0,,0.5,1.0,1.0,1.0,1.0,1.0,1.0,
96715,1.0,1.0,1.0,1.0,1.0,1.0,1.0,,1.0,1.0,1.0,1.0,1.0,1.0,0.5,
97016,0.0,1.0,1.0,1.0,1.0,1.0,0.0,,1.0,0.5,0.5,0.5,0.5,0.5,1.0,
97020,1.0,1.0,1.0,1.0,1.0,1.0,1.0,,1.0,1.0,1.0,1.0,1.0,1.0,0.5,
95547,0.0,1.0,1.0,0.0,1.0,0.0,0.0,,1.0,0.5,1.0,1.0,1.0,1.0,1.0,
96480,1.0,1.0,1.0,1.0,1.0,1.0,1.0,,0.5,1.0,1.0,1.0,1.0,1.0,0.5,
96507,1.0,1.0,1.0,1.0,1.0,0.0,0.0,,1.0,1.0,0.5,1.0,1.0,1.0,1.0,
96529,1.0,1.0,1.0,1.0,1.0,1.0,0.0,,0.5,1.0,1.0,1.0,1.0,0.5,1.0,
96535,1.0,1.0,1.0,1.0,1.0,1.0,0.0,,1.0,1.0,1.0,1.0,1.0,1.0,1.0,
96643,1.0,1.0,1.0,1.0,1.0,1.0,1.0,,0.5,1.0,0.5,1.0,1.0,0.5,0.5,
96944,1.0,1.0,1.0,1.0,1.0,1.0,0.0,,1.0,1.0,1.0,1.0,1.0,0.5,1.0,
96960,1.0,1.0,1.0,1.0,1.0,0.0,1.0,,0.5,0.5,1.0,1.0,1.0,1.0,0.5,
95653,1.0,1.0,1.0,1.0,1.0,0.0,1.0,,1.0,0.5,1.0,1.0,0.5,1.0,0.5,
95721,1.0,1.0,1.0,1.0,1.0,1.0,1.0,,1.0,1.0,1.0,1.0,1.0,1.0,0.5,
97164,0.0,0.0,0.0,0.0,0.0,0.0,0.0,,1.0,1.0,1.0,1.0,1.0,1.0,1.0,
105304,1.0,1.0,1.0,1.0,1.0,1.0,1.0,,1.0,1.0,1.0,1.0,1.0,1.0,1.0,
105316,1.0,1.0,1.0,1.0,1.0,1.0,0.0,,0.5,1.0,1.0,1.0,1.0,1.0,1.0,
97022,1.0,1.0,1.0,1.0,1.0,1.0,0.0,,0.5,1.0,1.0,1.0,1.0,1.0,1.0,
95277,1.0,1.0,1.0,1.0,1.0,0.0,0.0,,1.0,0.5,1.0,1.0,1.0,1.0,1.0,
95311,1.0,1.0,1.0,1.0,1.0,1.0,0.0,,0.5,1.0,1.0,1.0,1.0,1.0,1.0,
95066,1.0,1.0,1.0,1.0,1.0,1.0,0.0,,1.0,1.0,1.0,1.0,1.0,0.5,1.0,
95074,1.0,1.0,1.0,1.0,1.0,1.0,0.0,,1.0,1.0,1.0,1.0,1.0,1.0,1.0,
95096,1.0,1.0,1.0,1.0,1.0,0.0,0.0,,1.0,0.5,1.0,1.0,1.0,1.0,1.0,
95142,1.0,1.0,1.0,1.0,1.0,1.0,0.0,,0.5,1.0,1.0,1.0,1.0,0.5,1.0,
96071,1.0,1.0,1.0,1.0,1.0,1.0,0.0,,0.5,1.0,1.0,1.0,1.0,1.0,1.0,
96095,1.0,1.0,1.0,1.0,1.0,1.0,0.0,,0.5,1.0,1.0,1.0,1.0,1.0,1.0,
95170,1.0,1.0,1.0,1.0,1.0,0.0,0.0,,1.0,0.5,1.0,1.0,1.0,1.0,1.0,
95455,1.0,1.0,1.0,1.0,1.0,1.0,0.0,,0.5,1.0,1.0,1.0,1.0,1.0,1.0,
95459,0.0,1.0,1.0,1.0,1.0,1.0,0.0,,1.0,1.0,1.0,1.0,1.0,1.0,1.0,
95503,1.0,1.0,1.0,1.0,1.0,1.0,1.0,,0.5,0.5,1.0,1.0,1.0,1.0,0.5,
94842,1.0,1.0,1.0,1.0,1.0,1.0,0.0,,0.5,1.0,1.0,1.0,1.0,0.5,1.0,
94960,1.0,0.0,1.0,1.0,1.0,0.0,0.0,,0.5,1.0,0.5,1.0,0.5,1.0,1.0,
95032,1.0,1.0,1.0,1.0,1.0,1.0,1.0,,1.0,1.0,1.0,1.0,1.0,1.0,0.5,
95146,1.0,1.0,1.0,1.0,1.0,1.0,1.0,,1.0,1.0,1.0,1.0,1.0,1.0,0.5,
92735,1.0,1.0,1.0,1.0,1.0,1.0,0.0,,0.5,0.5,1.0,1.0,1.0,0.5,1.0,
79040,0.0,0.0,0.0,0.0,0.0,0.0,0.0,,1.0,1.0,1.0,1.0,1.0,1.0,1.0,
89042,1.0,1.0,1.0,1.0,1.0,1.0,1.0,,1.0,1.0,0.5,1.0,1.0,1.0,0.5,
81909,1.0,1.0,1.0,1.0,1.0,1.0,0.0,,0.5,1.0,1.0,0.5,1.0,0.5,1.0,
81815,1.0,1.0,1.0,1.0,1.0,1.0,1.0,,1.0,1.0,1.0,1.0,1.0,1.0,1.0,
81823,1.0,1.0,1.0,1.0,1.0,1.0,1.0,,0.5,0.5,0.5,0.5,1.0,0.5,0.5,
81871,1.0,1.0,1.0,1.0,1.0,0.0,0.0,,0.5,1.0,0.5,0.5,0.5,1.0,1.0,
81879,0.0,0.0,0.0,0.0,0.0,0.0,0.0,,1.0,1.0,1.0,1.0,1.0,1.0,1.0,
81893,1.0,1.0,1.0,1.0,1.0,1.0,0.0,,1.0,0.5,1.0,1.0,1.0,0.5,1.0,
81897,1.0,1.0,1.0,1.0,1.0,1.0,1.0,,0.5,1.0,1.0,1.0,1.0,1.0,0.5,
235683,0.0,0.0,0.0,0.0,0.0,0.0,0.0,,1.0,1.0,1.0,1.0,1.0,1.0,1.0,
97078,1.0,1.0,0.0,1.0,1.0,0.0,1.0,,0.5,0.5,1.0,1.0,0.5,1.0,0.5,
97902,0.0,1.0,1.0,1.0,1.0,1.0,1.0,,1.0,0.5,1.0,0.5,1.0,0.5,0.5,
96387,1.0,1.0,1.0,1.0,1.0,1.0,0.0,,0.5,1.0,1.0,1.0,1.0,1.0,1.0,
96468,1.0,1.0,1.0,1.0,1.0,1.0,0.0,,0.5,1.0,1.0,1.0,1.0,0.5,1.0,
96505,1.0,0.0,1.0,1.0,1.0,0.0,0.0,,0.5,1.0,1.0,1.0,0.5,1.0,1.0,
96551,1.0,1.0,1.0,1.0,1.0,1.0,1.0,,1.0,1.0,1.0,1.0,1.0,0.5,0.5,
96595,0.0,1.0,1.0,1.0,1.0,1.0,0.0,,1.0,1.0,1.0,1.0,1.0,1.0,1.0,
97006,1.0,1.0,1.0,1.0,1.0,0.0,0.0,,1.0,0.5,0.5,0.5,0.5,1.0,1.0,
97074,1.0,1.0,1.0,1.0,1.0,0.0,0.0,,0.5,0.5,1.0,1.0,1.0,1.0,1.0,
95423,0.0,0.0,0.0,0.0,1.0,0.0,0.0,,1.0,1.0,1.0,1.0,1.0,1.0,1.0,
95485,1.0,1.0,1.0,1.0,1.0,1.0,0.0,,0.5,0.5,1.0,1.0,1.0,0.5,1.0,
95549,1.0,0.0,1.0,1.0,1.0,1.0,0.0,,1.0,1.0,1.0,1.0,1.0,0.5,1.0,
95997,1.0,1.0,1.0,1.0,1.0,1.0,1.0,,1.0,1.0,1.0,1.0,1.0,1.0,0.5,
96003,1.0,1.0,1.0,1.0,1.0,1.0,0.0,,0.5,1.0,1.0,1.0,1.0,0.5,1.0,
96207,1.0,1.0,1.0,1.0,1.0,0.0,0.0,,0.5,0.5,0.5,0.5,0.5,1.0,1.0,
94682,1.0,1.0,1.0,1.0,1.0,1.0,1.0,,1.0,1.0,1.0,1.0,1.0,1.0,0.5,
94706,1.0,1.0,1.0,1.0,1.0,1.0,0.0,,1.0,0.5,1.0,1.0,0.5,1.0,1.0,
94738,1.0,1.0,1.0,1.0,1.0,1.0,1.0,,0.5,1.0,1.0,1.0,1.0,1.0,0.5,
95361,1.0,0.0,1.0,1.0,1.0,1.0,0.0,,1.0,1.0,1.0,1.0,1.0,0.5,1.0,
95403,1.0,1.0,1.0,1.0,1.0,1.0,0.0,,1.0,1.0,1.0,1.0,1.0,1.0,1.0,
94165,1.0,1.0,1.0,1.0,1.0,1.0,1.0,,1.0,1.0,1.0,1.0,1.0,1.0,1.0,
95727,0.0,0.0,0.0,0.0,0.0,0.0,0.0,,1.0,1.0,1.0,1.0,1.0,1.0,1.0,
93867,1.0,1.0,1.0,1.0,1.0,1.0,1.0,,0.5,1.0,1.0,1.0,1.0,1.0,1.0,
93933,1.0,1.0,1.0,1.0,1.0,1.0,1.0,,1.0,1.0,1.0,1.0,1.0,1.0,0.5,
91765,1.0,1.0,1.0,1.0,1.0,1.0,1.0,,0.5,1.0,1.0,1.0,1.0,1.0,0.5,
81905,0.0,0.0,0.0,0.0,0.0,0.0,0.0,,1.0,1.0,1.0,1.0,1.0,1.0,1.0,
89052,1.0,1.0,1.0,1.0,1.0,1.0,1.0,,0.5,0.5,0.5,0.5,0.5,0.5,0.5,
92443,1.0,1.0,1.0,1.0,1.0,1.0,0.0,,1.0,1.0,0.5,0.5,1.0,0.5,1.0,
81801,0.0,0.0,0.0,0.0,0.0,0.0,0.0,,1.0,1.0,1.0,1.0,1.0,1.0,1.0,
81817,1.0,1.0,1.0,1.0,1.0,1.0,1.0,,1.0,1.0,1.0,1.0,1.0,1.0,1.0,
97210,0.0,1.0,1.0,0.0,1.0,0.0,0.0,,1.0,1.0,0.5,1.0,1.0,1.0,1.0,
97860,1.0,1.0,1.0,1.0,1.0,1.0,0.0,,1.0,1.0,1.0,1.0,1.0,0.5,1.0,
95739,1.0,1.0,1.0,1.0,1.0,1.0,0.0,,0.5,1.0,1.0,1.0,1.0,1.0,1.0,
95757,1.0,1.0,1.0,1.0,1.0,1.0,0.0,,0.5,1.0,1.0,1.0,1.0,1.0,1.0,
95785,1.0,1.0,1.0,1.0,1.0,1.0,0.0,,1.0,1.0,1.0,1.0,1.0,1.0,1.0,
96187,1.0,1.0,0.0,1.0,1.0,1.0,1.0,,0.5,1.0,1.0,0.5,1.0,1.0,0.5,
96243,1.0,1.0,1.0,1.0,1.0,1.0,0.0,,0.5,1.0,1.0,1.0,1.0,1.0,1.0,
95178,1.0,1.0,1.0,1.0,1.0,1.0,1.0,,1.0,1.0,1.0,1.0,1.0,1.0,0.5,
95249,1.0,1.0,1.0,1.0,1.0,1.0,0.0,,0.5,0.5,0.5,1.0,0.5,0.5,1.0,
95353,1.0,1.0,1.0,1.0,1.0,1.0,1.0,,1.0,1.0,1.0,1.0,1.0,1.0,0.5,
95519,1.0,1.0,1.0,1.0,1.0,1.0,0.0,,1.0,1.0,0.5,0.5,1.0,1.0,1.0,
96525,0.0,1.0,1.0,1.0,1.0,1.0,0.0,,1.0,1.0,1.0,1.0,1.0,1.0,1.0,
96537,1.0,1.0,1.0,1.0,1.0,1.0,0.0,,0.5,1.0,0.5,1.0,1.0,0.5,1.0,
96958,1.0,1.0,1.0,1.0,1.0,1.0,0.0,,1.0,1.0,1.0,1.0,1.0,1.0,1.0,
94786,0.0,1.0,1.0,1.0,1.0,1.0,1.0,,1.0,1.0,1.0,1.0,1.0,1.0,1.0,
94816,1.0,1.0,1.0,1.0,1.0,1.0,0.0,,0.5,0.5,0.5,0.5,1.0,0.5,1.0,
94862,1.0,1.0,1.0,1.0,1.0,1.0,0.0,,0.5,1.0,1.0,1.0,1.0,0.5,1.0,
96320,0.0,0.0,1.0,0.0,1.0,0.0,0.0,,1.0,1.0,0.5,1.0,0.5,1.0,1.0,
96377,1.0,1.0,1.0,1.0,1.0,1.0,0.0,,1.0,1.0,1.0,1.0,1.0,1.0,1.0,
96482,1.0,1.0,1.0,1.0,1.0,1.0,0.0,,1.0,1.0,1.0,1.0,1.0,1.0,1.0,
81865,0.0,0.0,0.0,0.0,0.0,0.0,0.0,,1.0,1.0,1.0,1.0,1.0,1.0,1.0,
145200,1.0,1.0,,1.0,1.0,1.0,0.0,1.0,1.0,0.5,,1.0,1.0,0.5,1.0,0.5
89942,1.0,1.0,1.0,1.0,1.0,1.0,0.0,,1.0,1.0,1.0,1.0,1.0,1.0,1.0,
89972,0.0,0.0,1.0,0.0,1.0,0.0,0.0,,1.0,1.0,0.5,1.0,1.0,1.0,1.0,
89988,1.0,1.0,1.0,1.0,1.0,0.0,0.0,,1.0,0.5,0.5,0.5,0.5,1.0,1.0,
90010,1.0,1.0,1.0,1.0,1.0,1.0,1.0,,0.5,0.5,0.5,0.5,1.0,0.5,0.5,
78856,0.0,0.0,0.0,0.0,0.0,0.0,0.0,,1.0,1.0,1.0,1.0,1.0,1.0,1.0,
145206,1.0,1.0,,1.0,1.0,1.0,0.0,1.0,0.5,0.5,,1.0,1.0,1.0,1.0,0.5
205692,0.0,0.0,,0.0,0.0,0.0,0.0,0.0,1.0,1.0,,1.0,1.0,1.0,1.0,1.0
145202,0.0,0.0,,0.0,0.0,0.0,0.0,0.0,1.0,1.0,,1.0,1.0,1.0,1.0,1.0
159122,1.0,1.0,,1.0,1.0,1.0,1.0,1.0,1.0,1.0,,1.0,1.0,0.5,0.5,1.0
75082,1.0,,1.0,1.0,1.0,1.0,0.0,0.0,0.5,,1.0,1.0,1.0,1.0,1.0,1.0
97034,1.0,1.0,1.0,1.0,1.0,0.0,0.0,,0.5,1.0,1.0,1.0,1.0,1.0,1.0,
97856,0.0,1.0,1.0,1.0,1.0,0.0,0.0,,1.0,0.5,0.5,1.0,1.0,1.0,1.0,
50648,1.0,0.0,1.0,1.0,1.0,0.0,,,0.5,1.0,1.0,1.0,0.5,1.0,,
52830,0.0,0.0,0.0,1.0,0.0,0.0,,,1.0,1.0,1.0,0.5,1.0,1.0,,
52832,0.0,1.0,1.0,1.0,1.0,1.0,,,1.0,1.0,1.0,0.5,1.0,1.0,,
52834,0.0,0.0,0.0,0.0,1.0,0.0,,,1.0,1.0,1.0,1.0,1.0,1.0,,
52836,0.0,0.0,1.0,0.0,1.0,0.0,,,1.0,1.0,0.5,1.0,0.5,1.0,,
52838,1.0,1.0,1.0,1.0,1.0,1.0,,,0.5,0.5,1.0,0.5,1.0,0.5,,
80670,0.0,0.0,0.0,0.0,0.0,0.0,,,1.0,1.0,1.0,1.0,1.0,1.0,,
80684,0.0,0.0,0.0,0.0,0.0,0.0,,,1.0,1.0,1.0,1.0,1.0,1.0,,
81805,1.0,1.0,1.0,1.0,1.0,1.0,,,1.0,1.0,1.0,1.0,1.0,1.0,,
81837,1.0,1.0,1.0,1.0,1.0,1.0,,,1.0,1.0,1.0,1.0,1.0,1.0,,
81847,1.0,1.0,1.0,1.0,1.0,1.0,,,0.5,1.0,1.0,1.0,1.0,1.0,,
81863,0.0,0.0,0.0,0.0,0.0,0.0,,,1.0,1.0,1.0,1.0,1.0,1.0,,
81867,1.0,1.0,1.0,1.0,1.0,1.0,,,0.5,0.5,1.0,1.0,1.0,0.5,,
81945,0.0,1.0,1.0,1.0,1.0,0.0,,,1.0,1.0,0.5,0.5,0.5,1.0,,
55928,1.0,1.0,1.0,1.0,1.0,1.0,,,0.5,1.0,1.0,1.0,1.0,0.5,,
56150,1.0,1.0,1.0,1.0,1.0,1.0,,,1.0,1.0,1.0,1.0,1.0,1.0,,
56204,1.0,1.0,1.0,0.0,1.0,1.0,,,0.5,0.5,0.5,1.0,1.0,0.5,,
56432,0.0,0.0,0.0,0.0,0.0,0.0,,,1.0,1.0,1.0,1.0,1.0,1.0,,
56964,0.0,0.0,0.0,0.0,0.0,0.0,,,1.0,1.0,1.0,1.0,1.0,1.0,,
57000,0.0,0.0,0.0,0.0,0.0,0.0,,,1.0,1.0,1.0,1.0,1.0,1.0,,
59344,1.0,1.0,1.0,1.0,1.0,0.0,,,0.5,0.5,1.0,1.0,1.0,1.0,,
216595,,0.0,0.0,0.0,0.0,,0.0,0.0,,1.0,1.0,1.0,1.0,,1.0,1.0
216633,,0.0,0.0,0.0,0.0,,0.0,0.0,,1.0,1.0,1.0,1.0,,1.0,1.0
216635,,0.0,0.0,0.0,0.0,,0.0,0.0,,1.0,1.0,1.0,1.0,,1.0,1.0
84914,0.0,0.0,0.0,0.0,0.0,0.0,,,1.0,1.0,1.0,1.0,1.0,1.0,,
84916,0.0,0.0,0.0,0.0,0.0,0.0,,,1.0,1.0,1.0,1.0,1.0,1.0,,
84926,0.0,0.0,0.0,0.0,0.0,0.0,,,1.0,1.0,1.0,1.0,1.0,1.0,,
84928,0.0,0.0,0.0,0.0,0.0,0.0,,,1.0,1.0,1.0,1.0,1.0,1.0,,
95373,1.0,1.0,,1.0,1.0,0.0,0.0,,0.5,0.5,,1.0,1.0,1.0,1.0,
89056,1.0,1.0,1.0,1.0,1.0,,1.0,,0.5,1.0,1.0,1.0,1.0,,0.5,
216605,,0.0,0.0,0.0,0.0,,0.0,0.0,,1.0,1.0,1.0,1.0,,1.0,1.0
27472,0.0,,1.0,1.0,0.0,0.0,0.0,,1.0,,0.5,1.0,1.0,1.0,1.0,
27470,1.0,,1.0,1.0,1.0,1.0,0.0,,0.5,,0.5,0.5,1.0,1.0,1.0,
95719,1.0,,1.0,1.0,1.0,1.0,0.0,,0.5,,0.5,1.0,1.0,1.0,1.0,
96681,1.0,1.0,,1.0,1.0,1.0,0.0,,0.5,0.5,,1.0,1.0,1.0,1.0,
96763,1.0,1.0,,1.0,1.0,0.0,0.0,,0.5,0.5,,0.5,1.0,1.0,1.0,
96968,1.0,1.0,,1.0,1.0,1.0,0.0,,0.5,1.0,,1.0,1.0,1.0,1.0,
97850,1.0,0.0,,1.0,1.0,0.0,0.0,,0.5,1.0,,1.0,0.5,1.0,1.0,
95219,0.0,0.0,,0.0,0.0,0.0,0.0,,1.0,1.0,,1.0,1.0,1.0,1.0,
95229,1.0,1.0,,1.0,1.0,0.0,1.0,,0.5,1.0,,0.5,1.0,1.0,0.5,
98598,1.0,1.0,1.0,1.0,1.0,1.0,,,1.0,0.5,0.5,0.5,1.0,1.0,,
98600,1.0,1.0,1.0,1.0,1.0,1.0,,,1.0,1.0,1.0,0.5,1.0,1.0,,
98601,1.0,1.0,1.0,1.0,1.0,1.0,,,1.0,1.0,1.0,1.0,1.0,1.0,,
102769,0.0,0.0,0.0,0.0,0.0,0.0,,,1.0,1.0,1.0,1.0,1.0,1.0,,
61045,0.0,0.0,0.0,0.0,0.0,0.0,,,1.0,1.0,1.0,1.0,1.0,1.0,,
61099,0.0,0.0,0.0,0.0,0.0,0.0,,,1.0,1.0,1.0,1.0,1.0,1.0,,
61121,0.0,0.0,0.0,0.0,1.0,0.0,,,1.0,1.0,1.0,1.0,0.5,1.0,,
61131,1.0,1.0,1.0,1.0,1.0,1.0,,,0.5,0.5,0.5,1.0,0.5,0.5,,
117097,0.0,0.0,0.0,0.0,0.0,0.0,,,1.0,1.0,1.0,1.0,1.0,1.0,,
117123,1.0,1.0,1.0,1.0,1.0,1.0,,,1.0,0.5,1.0,1.0,1.0,0.5,,
117127,1.0,1.0,1.0,1.0,1.0,1.0,,,1.0,1.0,1.0,1.0,1.0,1.0,,
216659,,0.0,0.0,0.0,0.0,,0.0,0.0,,1.0,1.0,1.0,1.0,,1.0,1.0
68992,0.0,1.0,1.0,1.0,1.0,1.0,,,1.0,0.5,0.5,0.5,0.5,0.5,,
73177,0.0,0.0,0.0,0.0,0.0,0.0,,,1.0,1.0,1.0,1.0,1.0,1.0,,
73562,0.0,0.0,0.0,0.0,0.0,0.0,,,1.0,1.0,1.0,1.0,1.0,1.0,,
75788,1.0,0.0,1.0,1.0,1.0,0.0,,,1.0,1.0,1.0,1.0,0.5,1.0,,
68126,1.0,0.0,0.0,1.0,1.0,1.0,,,0.5,1.0,1.0,0.5,0.5,0.5,,
80716,0.0,0.0,0.0,0.0,0.0,0.0,,,1.0,1.0,1.0,1.0,1.0,1.0,,
81809,1.0,1.0,1.0,1.0,1.0,1.0,,,0.5,1.0,0.5,1.0,1.0,1.0,,
81839,0.0,0.0,0.0,0.0,0.0,0.0,,,1.0,1.0,1.0,1.0,1.0,1.0,,
81859,0.0,0.0,0.0,0.0,0.0,0.0,,,1.0,1.0,1.0,1.0,1.0,1.0,,
81861,0.0,0.0,0.0,0.0,0.0,0.0,,,1.0,1.0,1.0,1.0,1.0,1.0,,
81937,1.0,1.0,1.0,1.0,1.0,1.0,,,0.5,0.5,0.5,0.5,0.5,1.0,,
61095,0.0,0.0,0.0,0.0,0.0,0.0,,,1.0,1.0,1.0,1.0,1.0,1.0,,
61111,0.0,0.0,0.0,0.0,0.0,0.0,,,1.0,1.0,1.0,1.0,1.0,1.0,,
61115,1.0,1.0,1.0,1.0,1.0,1.0,,,1.0,1.0,1.0,1.0,1.0,1.0,,
81941,1.0,1.0,1.0,1.0,1.0,1.0,,,1.0,1.0,0.5,1.0,1.0,1.0,,
84910,0.0,0.0,0.0,0.0,0.0,0.0,,,1.0,1.0,1.0,1.0,1.0,1.0,,
84940,0.0,0.0,0.0,0.0,0.0,0.0,,,1.0,1.0,1.0,1.0,1.0,1.0,,
54174,1.0,1.0,1.0,1.0,1.0,1.0,,,1.0,1.0,1.0,0.5,1.0,1.0,,
235733,1.0,1.0,1.0,1.0,1.0,1.0,,,1.0,1.0,1.0,1.0,1.0,1.0,,
41597,0.0,0.0,0.0,0.0,1.0,0.0,,,1.0,1.0,1.0,1.0,0.5,1.0,,
41798,0.0,0.0,1.0,1.0,1.0,0.0,,,1.0,1.0,0.5,0.5,0.5,1.0,,
40136,1.0,0.0,1.0,1.0,1.0,0.0,,,0.5,1.0,0.5,1.0,0.5,1.0,,
15742,1.0,1.0,0.0,1.0,1.0,1.0,,,0.5,0.5,1.0,0.5,0.5,0.5,,
16329,1.0,0.0,1.0,1.0,1.0,0.0,,,0.5,1.0,0.5,1.0,0.5,1.0,,
79458,,0.0,1.0,1.0,1.0,1.0,0.0,,,1.0,1.0,1.0,1.0,1.0,1.0,
55837,1.0,1.0,1.0,1.0,1.0,0.0,,,1.0,0.5,0.5,0.5,0.5,1.0,,
58812,0.0,1.0,0.0,0.0,1.0,1.0,,,1.0,0.5,1.0,1.0,1.0,1.0,,
59312,0.0,0.0,0.0,0.0,0.0,0.0,,,1.0,1.0,1.0,1.0,1.0,1.0,,
60643,0.0,0.0,0.0,0.0,0.0,0.0,,,1.0,1.0,1.0,1.0,1.0,1.0,,
60651,0.0,0.0,0.0,0.0,0.0,0.0,,,1.0,1.0,1.0,1.0,1.0,1.0,,
66238,0.0,0.0,0.0,0.0,0.0,0.0,,,1.0,1.0,1.0,1.0,1.0,1.0,,
89970,1.0,1.0,1.0,1.0,1.0,,0.0,,0.5,1.0,1.0,0.5,1.0,,1.0,
96259,1.0,1.0,,1.0,1.0,1.0,0.0,,0.5,1.0,,1.0,1.0,1.0,1.0,
96135,1.0,1.0,,1.0,1.0,0.0,0.0,,0.5,1.0,,1.0,1.0,1.0,1.0,
89050,1.0,1.0,1.0,1.0,1.0,,1.0,,0.5,1.0,1.0,1.0,1.0,,1.0,
16401,1.0,1.0,1.0,1.0,1.0,1.0,,,0.5,0.5,0.5,0.5,0.5,1.0,,
25690,0.0,0.0,0.0,0.0,0.0,0.0,,,1.0,1.0,1.0,1.0,1.0,1.0,,
25763,0.0,0.0,0.0,0.0,0.0,0.0,,,1.0,1.0,1.0,1.0,1.0,1.0,,
25819,0.0,0.0,0.0,0.0,0.0,0.0,,,1.0,1.0,1.0,1.0,1.0,1.0,,
26608,0.0,0.0,0.0,0.0,0.0,0.0,,,1.0,1.0,1.0,1.0,1.0,1.0,,
40526,1.0,1.0,1.0,1.0,1.0,1.0,,,0.5,0.5,1.0,1.0,1.0,1.0,,
41032,0.0,0.0,0.0,0.0,0.0,0.0,,,1.0,1.0,1.0,1.0,1.0,1.0,,
41281,1.0,1.0,1.0,1.0,1.0,1.0,,,0.5,1.0,1.0,0.5,1.0,0.5,,
4486,1.0,1.0,1.0,1.0,1.0,1.0,,,0.5,0.5,0.5,0.5,1.0,1.0,,
4690,1.0,1.0,1.0,1.0,1.0,1.0,,,0.5,0.5,0.5,0.5,1.0,1.0,,
5462,0.0,1.0,1.0,1.0,1.0,1.0,,,1.0,0.5,0.5,1.0,0.5,1.0,,
7042,1.0,1.0,1.0,1.0,1.0,1.0,,,0.5,0.5,1.0,0.5,1.0,1.0,,
7085,0.0,0.0,0.0,0.0,1.0,0.0,,,1.0,1.0,1.0,1.0,0.5,1.0,,
95227,1.0,1.0,,1.0,1.0,1.0,0.0,,1.0,1.0,,1.0,1.0,0.5,1.0,
95345,0.0,1.0,,1.0,1.0,1.0,0.0,,1.0,0.5,,1.0,1.0,1.0,1.0,
95435,1.0,1.0,,1.0,1.0,1.0,0.0,,0.5,1.0,,1.0,1.0,1.0,1.0,
52826,0.0,0.0,0.0,0.0,1.0,0.0,,,1.0,1.0,1.0,1.0,1.0,1.0,,
52840,1.0,1.0,1.0,1.0,1.0,1.0,,,0.5,0.5,0.5,0.5,0.5,1.0,,
96448,1.0,1.0,,1.0,1.0,1.0,1.0,,1.0,1.0,,1.0,1.0,1.0,0.5,
96591,,1.0,1.0,1.0,1.0,1.0,0.0,,,1.0,1.0,1.0,1.0,1.0,1.0,
95351,,1.0,1.0,1.0,1.0,1.0,1.0,,,1.0,1.0,1.0,1.0,1.0,1.0,
5279,1.0,1.0,1.0,1.0,1.0,1.0,,,0.5,1.0,0.5,0.5,1.0,1.0,,
5444,0.0,1.0,1.0,1.0,1.0,1.0,,,1.0,1.0,1.0,0.5,1.0,1.0,,
5707,1.0,1.0,1.0,1.0,1.0,1.0,,,0.5,0.5,1.0,0.5,1.0,1.0,,
7119,0.0,0.0,0.0,0.0,0.0,0.0,,,1.0,1.0,1.0,1.0,1.0,1.0,,
117079,0.0,0.0,0.0,0.0,0.0,0.0,,,1.0,1.0,1.0,1.0,1.0,1.0,,
117099,1.0,0.0,1.0,1.0,1.0,0.0,,,1.0,1.0,1.0,1.0,0.5,1.0,,
117109,1.0,1.0,1.0,1.0,1.0,1.0,,,1.0,1.0,0.5,1.0,1.0,0.5,,
51019,1.0,1.0,0.0,0.0,1.0,0.0,,,0.5,0.5,1.0,1.0,0.5,1.0,,
51225,0.0,0.0,0.0,0.0,0.0,0.0,,,1.0,1.0,1.0,1.0,1.0,1.0,,
51258,0.0,0.0,0.0,0.0,0.0,0.0,,,1.0,1.0,1.0,1.0,1.0,1.0,,
98599,1.0,1.0,1.0,0.0,1.0,1.0,,,0.5,0.5,0.5,1.0,1.0,1.0,,
98605,1.0,1.0,1.0,1.0,1.0,1.0,,,1.0,1.0,1.0,1.0,1.0,1.0,,
95647,1.0,1.0,1.0,1.0,1.0,1.0,,,1.0,0.5,0.5,1.0,0.5,0.5,,
52822,0.0,1.0,1.0,1.0,1.0,1.0,,,1.0,0.5,0.5,0.5,0.5,0.5,,
50615,0.0,0.0,0.0,0.0,0.0,0.0,,,1.0,1.0,1.0,1.0,1.0,1.0,,
50868,0.0,0.0,0.0,0.0,1.0,1.0,,,1.0,1.0,1.0,1.0,0.5,0.5,,
8506,1.0,1.0,1.0,1.0,1.0,1.0,,,0.5,0.5,0.5,0.5,1.0,1.0,,
9557,1.0,0.0,1.0,1.0,1.0,0.0,,,0.5,1.0,0.5,0.5,0.5,1.0,,
9564,0.0,0.0,0.0,0.0,1.0,0.0,,,1.0,1.0,1.0,1.0,1.0,1.0,,
40060,1.0,1.0,1.0,1.0,1.0,0.0,,,0.5,0.5,0.5,0.5,0.5,1.0,,
10397,1.0,1.0,1.0,1.0,1.0,1.0,,,0.5,0.5,1.0,0.5,1.0,0.5,,
10864,1.0,1.0,1.0,1.0,1.0,0.0,,,0.5,0.5,1.0,1.0,1.0,1.0,,
11566,0.0,1.0,1.0,0.0,1.0,0.0,,,1.0,0.5,0.5,1.0,0.5,1.0,,
12714,0.0,1.0,1.0,0.0,1.0,1.0,,,1.0,0.5,0.5,1.0,1.0,0.5,,
56022,0.0,0.0,0.0,0.0,0.0,0.0,,,1.0,1.0,1.0,1.0,1.0,1.0,,
56220,0.0,0.0,0.0,0.0,0.0,0.0,,,1.0,1.0,1.0,1.0,1.0,1.0,,
56248,0.0,0.0,0.0,0.0,0.0,0.0,,,1.0,1.0,1.0,1.0,1.0,1.0,,
56428,0.0,0.0,0.0,0.0,0.0,0.0,,,1.0,1.0,1.0,1.0,1.0,1.0,,
57267,1.0,1.0,1.0,1.0,1.0,1.0,,,0.5,1.0,1.0,1.0,1.0,1.0,,
58814,1.0,1.0,1.0,1.0,1.0,1.0,,,0.5,1.0,1.0,1.0,1.0,1.0,,
84944,0.0,0.0,0.0,0.0,0.0,0.0,,,1.0,1.0,1.0,1.0,1.0,1.0,,
81831,1.0,1.0,1.0,1.0,1.0,0.0,,,0.5,0.5,0.5,0.5,0.5,1.0,,
81835,0.0,1.0,0.0,0.0,0.0,0.0,,,1.0,0.5,1.0,1.0,1.0,1.0,,
81843,1.0,1.0,1.0,1.0,1.0,1.0,,,0.5,1.0,1.0,0.5,1.0,1.0,,
81849,0.0,1.0,1.0,1.0,1.0,0.0,,,1.0,0.5,0.5,0.5,0.5,1.0,,
81851,0.0,0.0,0.0,0.0,0.0,0.0,,,1.0,1.0,1.0,1.0,1.0,1.0,,
81883,0.0,0.0,0.0,0.0,0.0,0.0,,,1.0,1.0,1.0,1.0,1.0,1.0,,
81925,1.0,1.0,1.0,1.0,1.0,1.0,,,1.0,1.0,1.0,1.0,1.0,1.0,,
84920,0.0,0.0,0.0,0.0,0.0,0.0,,,1.0,1.0,1.0,1.0,1.0,1.0,,
84934,0.0,0.0,0.0,0.0,0.0,0.0,,,1.0,1.0,1.0,1.0,1.0,1.0,,
60647,0.0,0.0,1.0,1.0,1.0,0.0,,,1.0,1.0,0.5,0.5,0.5,1.0,,
61105,0.0,0.0,0.0,0.0,0.0,0.0,,,1.0,1.0,1.0,1.0,1.0,1.0,,
61107,0.0,0.0,0.0,0.0,0.0,0.0,,,1.0,1.0,1.0,1.0,1.0,1.0,,
26600,1.0,1.0,1.0,1.0,1.0,0.0,,,0.5,0.5,1.0,1.0,1.0,1.0,,
26857,0.0,1.0,1.0,1.0,1.0,0.0,,,1.0,0.5,0.5,0.5,0.5,1.0,,
26926,0.0,0.0,0.0,0.0,0.0,0.0,,,1.0,1.0,1.0,1.0,1.0,1.0,,
27863,0.0,1.0,1.0,0.0,1.0,0.0,,,1.0,0.5,0.5,1.0,0.5,1.0,,
66747,0.0,0.0,0.0,0.0,0.0,0.0,,,1.0,1.0,1.0,1.0,1.0,1.0,,
68125,0.0,1.0,1.0,1.0,1.0,1.0,,,1.0,0.5,0.5,0.5,0.5,0.5,,
73147,0.0,1.0,1.0,0.0,1.0,1.0,,,1.0,0.5,0.5,1.0,1.0,0.5,,
73199,1.0,1.0,1.0,1.0,1.0,1.0,,,1.0,1.0,0.5,1.0,0.5,1.0,,
73473,0.0,0.0,0.0,0.0,0.0,0.0,,,1.0,1.0,1.0,1.0,1.0,1.0,,
73538,0.0,0.0,0.0,0.0,0.0,0.0,,,1.0,1.0,1.0,1.0,1.0,1.0,,
73558,0.0,1.0,0.0,0.0,1.0,1.0,,,1.0,0.5,1.0,1.0,0.5,0.5,,
73560,1.0,1.0,1.0,1.0,1.0,1.0,,,0.5,1.0,1.0,1.0,1.0,1.0,,
73568,1.0,1.0,1.0,1.0,1.0,1.0,,,1.0,1.0,1.0,1.0,1.0,0.5,,
27966,1.0,1.0,0.0,0.0,1.0,1.0,,,0.5,0.5,1.0,1.0,1.0,0.5,,
41678,1.0,1.0,1.0,1.0,1.0,1.0,,,0.5,0.5,0.5,0.5,0.5,0.5,,
8179,0.0,0.0,1.0,1.0,1.0,0.0,,,1.0,1.0,0.5,0.5,0.5,1.0,,
8188,1.0,1.0,1.0,1.0,1.0,1.0,,,0.5,1.0,1.0,1.0,1.0,1.0,,
8248,1.0,1.0,1.0,1.0,1.0,1.0,,,0.5,1.0,0.5,0.5,1.0,1.0,,
8468,0.0,1.0,1.0,1.0,1.0,1.0,,,1.0,0.5,0.5,0.5,1.0,0.5,,
8626,1.0,1.0,1.0,1.0,1.0,0.0,,,0.5,0.5,1.0,1.0,1.0,1.0,,
10380,0.0,0.0,0.0,0.0,1.0,0.0,,,1.0,1.0,1.0,1.0,0.5,1.0,,
14891,0.0,0.0,0.0,0.0,0.0,0.0,,,1.0,1.0,1.0,1.0,1.0,1.0,,
14989,0.0,0.0,0.0,1.0,1.0,0.0,,,1.0,1.0,1.0,0.5,0.5,1.0,,
16379,0.0,0.0,0.0,0.0,0.0,0.0,,,1.0,1.0,1.0,1.0,1.0,1.0,,
25795,0.0,0.0,0.0,0.0,0.0,0.0,,,1.0,1.0,1.0,1.0,1.0,1.0,,
25791,0.0,0.0,0.0,0.0,0.0,0.0,,,1.0,1.0,1.0,1.0,1.0,1.0,,
25790,0.0,0.0,0.0,0.0,0.0,0.0,,,1.0,1.0,1.0,1.0,1.0,1.0,,
25775,0.0,0.0,0.0,0.0,0.0,0.0,,,1.0,1.0,1.0,1.0,1.0,1.0,,
51449,0.0,0.0,0.0,0.0,0.0,0.0,,,1.0,1.0,1.0,1.0,1.0,1.0,,
55760,1.0,1.0,1.0,1.0,1.0,1.0,,,0.5,1.0,1.0,1.0,1.0,1.0,,
55847,0.0,0.0,1.0,0.0,1.0,1.0,,,1.0,1.0,0.5,1.0,0.5,0.5,,
55948,0.0,1.0,1.0,1.0,1.0,0.0,,,1.0,0.5,0.5,0.5,0.5,1.0,,
56026,0.0,0.0,0.0,0.0,0.0,0.0,,,1.0,1.0,1.0,1.0,1.0,1.0,,
56110,1.0,0.0,1.0,1.0,1.0,1.0,,,1.0,1.0,0.5,1.0,0.5,1.0,,
58809,0.0,0.0,0.0,0.0,0.0,0.0,,,1.0,1.0,1.0,1.0,1.0,1.0,,
58892,1.0,1.0,1.0,1.0,1.0,1.0,1.0,,1.0,1.0,1.0,1.0,1.0,1.0,1.0,
58894,1.0,1.0,1.0,1.0,1.0,1.0,,,0.5,0.5,1.0,1.0,1.0,1.0,,
59258,1.0,1.0,1.0,1.0,1.0,1.0,,,0.5,0.5,0.5,0.5,0.5,1.0,,
61109,0.0,0.0,0.0,0.0,0.0,0.0,,,1.0,1.0,1.0,1.0,1.0,1.0,,
66312,1.0,1.0,1.0,1.0,1.0,1.0,,,0.5,1.0,0.5,0.5,1.0,1.0,,
75718,0.0,0.0,0.0,0.0,0.0,0.0,,,1.0,1.0,1.0,1.0,1.0,1.0,,
98603,1.0,1.0,1.0,1.0,1.0,1.0,,,1.0,1.0,1.0,1.0,1.0,1.0,,
80754,0.0,0.0,0.0,0.0,0.0,0.0,,,1.0,1.0,1.0,1.0,1.0,1.0,,
81803,1.0,1.0,1.0,1.0,1.0,1.0,,,0.5,1.0,1.0,1.0,1.0,1.0,,
81853,0.0,0.0,0.0,0.0,0.0,0.0,,,1.0,1.0,1.0,1.0,1.0,1.0,,
81855,0.0,0.0,0.0,0.0,0.0,0.0,,,1.0,1.0,1.0,1.0,1.0,1.0,,
81857,0.0,0.0,0.0,0.0,0.0,0.0,,,1.0,1.0,1.0,1.0,1.0,1.0,,
81915,0.0,0.0,0.0,0.0,0.0,0.0,,,1.0,1.0,1.0,1.0,1.0,1.0,,
84908,0.0,0.0,0.0,0.0,0.0,0.0,,,1.0,1.0,1.0,1.0,1.0,1.0,,
84924,0.0,0.0,0.0,0.0,0.0,0.0,,,1.0,1.0,1.0,1.0,1.0,1.0,,
216587,,0.0,0.0,0.0,0.0,,0.0,0.0,,1.0,1.0,1.0,1.0,,1.0,1.0
205689,,0.0,0.0,0.0,0.0,,0.0,0.0,,1.0,1.0,1.0,1.0,,1.0,1.0
216653,,0.0,0.0,0.0,0.0,,0.0,0.0,,1.0,1.0,1.0,1.0,,1.0,1.0
66673,1.0,,1.0,1.0,1.0,1.0,,,0.5,,0.5,1.0,1.0,1.0,,
74892,0.0,,1.0,1.0,1.0,0.0,,,1.0,,0.5,1.0,0.5,1.0,,
74960,0.0,,0.0,0.0,0.0,0.0,,,1.0,,1.0,1.0,1.0,1.0,,
74894,0.0,,0.0,0.0,0.0,0.0,,,1.0,,1.0,1.0,1.0,1.0,,
75130,0.0,,0.0,0.0,0.0,0.0,,,1.0,,1.0,1.0,1.0,1.0,,
52889,0.0,,0.0,0.0,0.0,0.0,,,1.0,,1.0,1.0,1.0,1.0,,
52909,1.0,,1.0,1.0,1.0,1.0,,,0.5,,1.0,1.0,1.0,1.0,,
89974,,1.0,1.0,1.0,1.0,1.0,,,,1.0,1.0,1.0,1.0,1.0,,
74918,1.0,,1.0,1.0,1.0,1.0,,,0.5,,1.0,1.0,1.0,1.0,,
75076,0.0,,0.0,1.0,1.0,0.0,,,1.0,,1.0,0.5,0.5,1.0,,
75112,0.0,,0.0,0.0,0.0,0.0,,,1.0,,1.0,1.0,1.0,1.0,,
75058,0.0,,0.0,0.0,0.0,0.0,,,1.0,,1.0,1.0,1.0,1.0,,
75100,1.0,,1.0,1.0,1.0,1.0,,,0.5,,0.5,0.5,1.0,0.5,,
75012,0.0,,0.0,0.0,0.0,0.0,,,1.0,,1.0,1.0,1.0,1.0,,
89990,1.0,1.0,1.0,1.0,1.0,,,,0.5,1.0,1.0,1.0,1.0,,,
61137,1.0,,1.0,1.0,1.0,1.0,,,0.5,,0.5,1.0,1.0,0.5,,
61147,0.0,,0.0,0.0,0.0,0.0,,,1.0,,1.0,1.0,1.0,1.0,,
61157,0.0,,0.0,0.0,0.0,0.0,,,1.0,,1.0,1.0,1.0,1.0,,
66672,1.0,,0.0,1.0,1.0,0.0,,,1.0,,1.0,0.5,0.5,1.0,,
66676,1.0,,1.0,1.0,1.0,0.0,,,0.5,,0.5,0.5,0.5,1.0,,
66677,1.0,,1.0,1.0,1.0,1.0,,,0.5,,1.0,1.0,1.0,1.0,,
68334,0.0,,0.0,0.0,0.0,0.0,,,1.0,,1.0,1.0,1.0,1.0,,
68341,0.0,,0.0,0.0,0.0,0.0,,,1.0,,1.0,1.0,1.0,1.0,,
68350,0.0,,0.0,0.0,0.0,0.0,,,1.0,,1.0,1.0,1.0,1.0,,
75046,0.0,,0.0,0.0,0.0,0.0,,,1.0,,1.0,1.0,1.0,1.0,,
75114,0.0,,0.0,0.0,0.0,0.0,,,1.0,,1.0,1.0,1.0,1.0,,
98607,1.0,,1.0,0.0,1.0,1.0,,,0.5,,0.5,1.0,1.0,1.0,,
102793,0.0,1.0,0.0,,0.0,0.0,,,1.0,0.5,1.0,,1.0,1.0,,
102798,1.0,1.0,1.0,,1.0,1.0,,,0.5,1.0,1.0,,1.0,1.0,,
58992,0.0,,1.0,1.0,1.0,1.0,,,1.0,,0.5,1.0,1.0,0.5,,
60114,0.0,,0.0,0.0,0.0,0.0,,,1.0,,1.0,1.0,1.0,1.0,,
60639,0.0,,0.0,0.0,0.0,0.0,,,1.0,,1.0,1.0,1.0,1.0,,
61127,0.0,,0.0,0.0,0.0,0.0,,,1.0,,1.0,1.0,1.0,1.0,,
61129,1.0,,1.0,1.0,1.0,1.0,,,1.0,,1.0,1.0,1.0,0.5,,
58954,0.0,,0.0,0.0,1.0,0.0,,,1.0,,1.0,1.0,1.0,1.0,,
58959,0.0,,1.0,1.0,1.0,1.0,,,1.0,,0.5,0.5,0.5,1.0,,
58978,0.0,,1.0,1.0,1.0,0.0,,,1.0,,0.5,0.5,0.5,1.0,,
58983,1.0,,1.0,1.0,1.0,1.0,,,0.5,,1.0,1.0,1.0,0.5,,
81790,0.0,,1.0,1.0,1.0,0.0,,,1.0,,0.5,0.5,0.5,1.0,,
58904,0.0,,0.0,0.0,0.0,0.0,,,1.0,,1.0,1.0,1.0,1.0,,
58907,0.0,,0.0,0.0,0.0,0.0,,,1.0,,1.0,1.0,1.0,1.0,,
58915,0.0,,0.0,0.0,0.0,0.0,,,1.0,,1.0,1.0,1.0,1.0,,
58916,0.0,,0.0,0.0,0.0,0.0,,,1.0,,1.0,1.0,1.0,1.0,,
58917,0.0,,0.0,0.0,0.0,0.0,,,1.0,,1.0,1.0,1.0,1.0,,
58918,0.0,,0.0,0.0,0.0,0.0,,,1.0,,1.0,1.0,1.0,1.0,,
58920,0.0,,0.0,0.0,0.0,0.0,,,1.0,,1.0,1.0,1.0,1.0,,
58924,0.0,,1.0,0.0,0.0,0.0,,,1.0,,0.5,1.0,1.0,1.0,,
58926,0.0,,0.0,0.0,1.0,0.0,,,1.0,,1.0,1.0,1.0,1.0,,
58928,1.0,,0.0,0.0,1.0,0.0,,,0.5,,1.0,1.0,1.0,1.0,,
58931,0.0,,0.0,0.0,0.0,0.0,,,1.0,,1.0,1.0,1.0,1.0,,
58932,0.0,,0.0,0.0,0.0,0.0,,,1.0,,1.0,1.0,1.0,1.0,,
45057,0.0,1.0,0.0,,1.0,0.0,,,1.0,0.5,1.0,,1.0,1.0,,
45065,0.0,1.0,1.0,,1.0,0.0,,,1.0,0.5,0.5,,0.5,1.0,,
45078,0.0,0.0,0.0,,1.0,0.0,,,1.0,1.0,1.0,,1.0,1.0,,
45084,0.0,0.0,0.0,,0.0,0.0,,,1.0,1.0,1.0,,1.0,1.0,,
45090,0.0,0.0,0.0,,1.0,0.0,,,1.0,1.0,1.0,,0.5,1.0,,
45097,0.0,0.0,0.0,,0.0,0.0,,,1.0,1.0,1.0,,1.0,1.0,,
45099,0.0,1.0,1.0,,1.0,1.0,,,1.0,0.5,0.5,,1.0,0.5,,
45107,0.0,0.0,0.0,,1.0,0.0,,,1.0,1.0,1.0,,0.5,1.0,,
58900,0.0,,0.0,0.0,0.0,0.0,,,1.0,,1.0,1.0,1.0,1.0,,
58902,0.0,,0.0,0.0,0.0,0.0,,,1.0,,1.0,1.0,1.0,1.0,,
68343,0.0,,0.0,0.0,0.0,0.0,,,1.0,,1.0,1.0,1.0,1.0,,
68353,0.0,,0.0,0.0,0.0,0.0,,,1.0,,1.0,1.0,1.0,1.0,,
66755,0.0,0.0,0.0,0.0,0.0,,,,1.0,1.0,1.0,1.0,1.0,,,
53515,0.0,,1.0,1.0,1.0,1.0,,,1.0,,0.5,1.0,0.5,0.5,,
54162,0.0,,0.0,0.0,1.0,1.0,,,1.0,,1.0,1.0,0.5,0.5,,
54167,1.0,,1.0,1.0,1.0,1.0,,,1.0,,1.0,1.0,1.0,1.0,,
54171,1.0,,1.0,1.0,1.0,1.0,,,1.0,,1.0,0.5,1.0,1.0,,
54172,1.0,,1.0,1.0,1.0,1.0,,,1.0,,1.0,0.5,1.0,1.0,,
54184,1.0,,1.0,1.0,1.0,1.0,,,1.0,,1.0,1.0,1.0,1.0,,
54185,1.0,,1.0,1.0,1.0,1.0,,,1.0,,0.5,1.0,0.5,0.5,,
55954,1.0,,1.0,1.0,1.0,1.0,,,1.0,,1.0,1.0,1.0,1.0,,
56344,0.0,,0.0,0.0,0.0,0.0,,,1.0,,1.0,1.0,1.0,1.0,,
56478,0.0,,0.0,0.0,0.0,0.0,,,1.0,,1.0,1.0,1.0,1.0,,
56696,0.0,,1.0,0.0,1.0,0.0,,,1.0,,0.5,1.0,0.5,1.0,,
66652,1.0,0.0,,1.0,0.0,0.0,,,0.5,1.0,,0.5,1.0,1.0,,
66657,1.0,0.0,,1.0,1.0,0.0,,,0.5,1.0,,1.0,0.5,1.0,,
66663,1.0,1.0,,1.0,1.0,0.0,,,1.0,0.5,,1.0,0.5,1.0,,
61159,0.0,,0.0,0.0,0.0,0.0,,,1.0,,1.0,1.0,1.0,1.0,,
66670,1.0,,1.0,1.0,1.0,1.0,,,0.5,,0.5,0.5,0.5,1.0,,
66680,1.0,,1.0,1.0,1.0,1.0,,,1.0,,1.0,1.0,1.0,1.0,,
68342,0.0,,0.0,0.0,0.0,0.0,,,1.0,,1.0,1.0,1.0,1.0,,
60098,1.0,,1.0,1.0,1.0,1.0,,,0.5,,1.0,1.0,1.0,1.0,,
58965,0.0,,0.0,0.0,1.0,0.0,,,1.0,,1.0,1.0,0.5,1.0,,
46190,0.0,,0.0,0.0,0.0,0.0,,,1.0,,1.0,1.0,1.0,1.0,,
46191,0.0,,0.0,0.0,0.0,0.0,,,1.0,,1.0,1.0,1.0,1.0,,
46193,0.0,,0.0,0.0,0.0,0.0,,,1.0,,1.0,1.0,1.0,1.0,,
47989,0.0,,0.0,0.0,0.0,0.0,,,1.0,,1.0,1.0,1.0,1.0,,
47999,0.0,,0.0,0.0,0.0,0.0,,,1.0,,1.0,1.0,1.0,1.0,,
48003,0.0,,0.0,0.0,0.0,0.0,,,1.0,,1.0,1.0,1.0,1.0,,
48035,0.0,,0.0,0.0,0.0,0.0,,,1.0,,1.0,1.0,1.0,1.0,,
50807,0.0,,0.0,0.0,0.0,0.0,,,1.0,,1.0,1.0,1.0,1.0,,
50858,0.0,,0.0,0.0,0.0,0.0,,,1.0,,1.0,1.0,1.0,1.0,,
51006,0.0,,0.0,0.0,0.0,0.0,,,1.0,,1.0,1.0,1.0,1.0,,
53509,1.0,,1.0,1.0,1.0,1.0,,,0.5,,0.5,1.0,0.5,1.0,,
61091,0.0,,0.0,0.0,0.0,0.0,,,1.0,,1.0,1.0,1.0,1.0,,
61097,0.0,,0.0,0.0,0.0,0.0,,,1.0,,1.0,1.0,1.0,1.0,,
61119,0.0,,0.0,0.0,0.0,0.0,,,1.0,,1.0,1.0,1.0,1.0,,
61123,0.0,,0.0,0.0,0.0,0.0,,,1.0,,1.0,1.0,1.0,1.0,,
58911,0.0,,0.0,0.0,0.0,0.0,,,1.0,,1.0,1.0,1.0,1.0,,
58922,0.0,,0.0,0.0,0.0,0.0,,,1.0,,1.0,1.0,1.0,1.0,,
58925,0.0,,0.0,1.0,1.0,1.0,,,1.0,,1.0,0.5,1.0,0.5,,
58935,0.0,,0.0,0.0,0.0,0.0,,,1.0,,1.0,1.0,1.0,1.0,,
58938,0.0,,0.0,0.0,1.0,0.0,,,1.0,,1.0,1.0,1.0,1.0,,
58953,0.0,,0.0,0.0,1.0,0.0,,,1.0,,1.0,1.0,1.0,1.0,,
58987,0.0,,1.0,1.0,1.0,1.0,,,1.0,,1.0,0.5,0.5,1.0,,
54177,1.0,,1.0,1.0,1.0,1.0,,,1.0,,1.0,1.0,1.0,1.0,,
54179,1.0,,1.0,1.0,0.0,0.0,,,1.0,,0.5,1.0,1.0,1.0,,
54180,0.0,,0.0,0.0,0.0,0.0,,,1.0,,1.0,1.0,1.0,1.0,,
54598,1.0,,0.0,1.0,1.0,0.0,,,0.5,,1.0,1.0,0.5,1.0,,
54599,1.0,,1.0,1.0,1.0,0.0,,,1.0,,1.0,1.0,1.0,1.0,,
56144,0.0,,1.0,1.0,1.0,1.0,,,1.0,,1.0,1.0,1.0,1.0,,
58897,0.0,,0.0,0.0,0.0,0.0,,,1.0,,1.0,1.0,1.0,1.0,,
27443,1.0,,0.0,0.0,1.0,0.0,,,0.5,,1.0,1.0,0.5,1.0,,
45080,0.0,0.0,0.0,,0.0,0.0,,,1.0,1.0,1.0,,1.0,1.0,,
45092,0.0,0.0,0.0,,0.0,0.0,,,1.0,1.0,1.0,,1.0,1.0,,
45096,0.0,0.0,0.0,,1.0,0.0,,,1.0,1.0,1.0,,1.0,1.0,,
45101,1.0,0.0,1.0,,1.0,0.0,,,0.5,1.0,0.5,,1.0,1.0,,
45104,0.0,0.0,0.0,,1.0,0.0,,,1.0,1.0,1.0,,0.5,1.0,,
45105,0.0,0.0,0.0,,1.0,0.0,,,1.0,1.0,1.0,,1.0,1.0,,
45108,1.0,1.0,0.0,,1.0,1.0,,,0.5,0.5,1.0,,1.0,0.5,,
58906,0.0,,0.0,0.0,0.0,0.0,,,1.0,,1.0,1.0,1.0,1.0,,
45431,0.0,,1.0,1.0,1.0,1.0,,,1.0,,0.5,0.5,0.5,0.5,,
46180,0.0,,0.0,0.0,0.0,0.0,,,1.0,,1.0,1.0,1.0,1.0,,
46188,0.0,,0.0,0.0,0.0,0.0,,,1.0,,1.0,1.0,1.0,1.0,,
45069,0.0,1.0,0.0,,0.0,0.0,,,1.0,0.5,1.0,,1.0,1.0,,
38742,1.0,,1.0,1.0,1.0,1.0,,,0.5,,1.0,0.5,1.0,0.5,,
38794,1.0,,1.0,1.0,1.0,1.0,,,0.5,,0.5,0.5,0.5,0.5,,
66649,1.0,0.0,,1.0,1.0,0.0,,,1.0,1.0,,0.5,0.5,1.0,,
66659,0.0,0.0,,1.0,1.0,0.0,,,1.0,1.0,,0.5,0.5,1.0,,
45345,0.0,,1.0,1.0,1.0,1.0,,,1.0,,1.0,1.0,1.0,1.0,,
45359,1.0,,1.0,1.0,1.0,1.0,,,0.5,,1.0,0.5,1.0,0.5,,
27476,0.0,,0.0,0.0,0.0,0.0,,,1.0,,1.0,1.0,1.0,1.0,,
28773,0.0,,0.0,0.0,1.0,0.0,,,1.0,,1.0,1.0,0.5,1.0,,
28776,0.0,,0.0,0.0,0.0,0.0,,,1.0,,1.0,1.0,1.0,1.0,,
51607,1.0,,1.0,1.0,1.0,1.0,,,1.0,,1.0,1.0,1.0,1.0,,
52915,1.0,,1.0,1.0,1.0,1.0,,,0.5,,0.5,0.5,0.5,1.0,,
53501,0.0,,0.0,0.0,1.0,0.0,,,1.0,,1.0,1.0,0.5,1.0,,
53503,1.0,,1.0,1.0,1.0,1.0,,,0.5,,0.5,1.0,1.0,1.0,,
46213,0.0,,0.0,0.0,0.0,0.0,,,1.0,,1.0,1.0,1.0,1.0,,
45153,0.0,,0.0,0.0,0.0,0.0,,,1.0,,1.0,1.0,1.0,1.0,,
45197,0.0,,1.0,1.0,1.0,1.0,,,1.0,,0.5,0.5,0.5,1.0,,
45215,0.0,,0.0,0.0,0.0,0.0,,,1.0,,1.0,1.0,1.0,1.0,,
45329,0.0,,1.0,1.0,1.0,1.0,,,1.0,,0.5,0.5,0.5,0.5,,
46206,0.0,,0.0,0.0,0.0,0.0,,,1.0,,1.0,1.0,1.0,1.0,,
66642,1.0,1.0,,1.0,1.0,1.0,,,1.0,1.0,,0.5,1.0,0.5,,
89032,1.0,1.0,,1.0,1.0,,1.0,,1.0,1.0,,1.0,1.0,,0.5,
46209,0.0,,0.0,0.0,0.0,0.0,,,1.0,,1.0,1.0,1.0,1.0,,
51575,1.0,,1.0,1.0,1.0,1.0,,,1.0,,0.5,1.0,1.0,1.0,,
95269,,0.0,,1.0,1.0,0.0,0.0,,,1.0,,1.0,0.5,1.0,1.0,
95052,1.0,,,1.0,1.0,1.0,0.0,,1.0,,,1.0,1.0,1.0,1.0,
102796,0.0,0.0,0.0,,0.0,0.0,,,1.0,1.0,1.0,,1.0,1.0,,
81781,0.0,,0.0,0.0,0.0,0.0,,,1.0,,1.0,1.0,1.0,1.0,,
81784,0.0,,0.0,0.0,0.0,0.0,,,1.0,,1.0,1.0,1.0,1.0,,
45125,0.0,,0.0,0.0,0.0,0.0,,,1.0,,1.0,1.0,1.0,1.0,,
12158,0.0,,0.0,0.0,0.0,0.0,,,1.0,,1.0,1.0,1.0,1.0,,
12156,0.0,,0.0,0.0,0.0,0.0,,,1.0,,1.0,1.0,1.0,1.0,,
26899,0.0,,0.0,0.0,0.0,0.0,,,1.0,,1.0,1.0,1.0,1.0,,
27445,1.0,,0.0,1.0,0.0,0.0,,,0.5,,1.0,0.5,1.0,1.0,,
27448,1.0,,0.0,1.0,0.0,0.0,,,0.5,,1.0,0.5,1.0,1.0,,
27456,1.0,,0.0,1.0,0.0,0.0,,,0.5,,1.0,0.5,1.0,1.0,,
27465,0.0,,1.0,1.0,1.0,0.0,,,1.0,,0.5,0.5,0.5,1.0,,
27475,0.0,,1.0,1.0,1.0,0.0,,,1.0,,0.5,1.0,0.5,1.0,,
45343,0.0,,0.0,0.0,0.0,0.0,,,1.0,,1.0,1.0,1.0,1.0,,
38774,1.0,,1.0,1.0,1.0,1.0,,,0.5,,0.5,0.5,1.0,0.5,,
38782,1.0,,1.0,1.0,1.0,1.0,,,0.5,,1.0,1.0,1.0,0.5,,
38786,0.0,,0.0,0.0,0.0,0.0,,,1.0,,1.0,1.0,1.0,1.0,,
38808,0.0,,1.0,0.0,1.0,1.0,,,1.0,,0.5,1.0,1.0,0.5,,
45419,0.0,,1.0,1.0,1.0,0.0,,,1.0,,0.5,1.0,0.5,1.0,,
45159,0.0,,1.0,1.0,1.0,1.0,,,1.0,,1.0,1.0,1.0,1.0,,
45187,0.0,,0.0,0.0,0.0,0.0,,,1.0,,1.0,1.0,1.0,1.0,,
45199,0.0,,0.0,0.0,0.0,0.0,,,1.0,,1.0,1.0,1.0,1.0,,
45211,0.0,,0.0,0.0,0.0,0.0,,,1.0,,1.0,1.0,1.0,1.0,,
45239,0.0,,1.0,1.0,1.0,0.0,,,1.0,,0.5,0.5,0.5,1.0,,
45241,1.0,,1.0,1.0,1.0,1.0,,,0.5,,1.0,0.5,1.0,1.0,,
45243,0.0,,0.0,0.0,0.0,0.0,,,1.0,,1.0,1.0,1.0,1.0,,
45277,0.0,,0.0,0.0,1.0,0.0,,,1.0,,1.0,1.0,1.0,1.0,,
45289,0.0,,0.0,0.0,0.0,0.0,,,1.0,,1.0,1.0,1.0,1.0,,
45291,0.0,,0.0,0.0,1.0,0.0,,,1.0,,1.0,1.0,1.0,1.0,,
45303,0.0,,1.0,0.0,0.0,0.0,,,1.0,,0.5,1.0,1.0,1.0,,
27442,1.0,,0.0,0.0,0.0,0.0,,,0.5,,1.0,1.0,1.0,1.0,,
45415,0.0,,0.0,1.0,1.0,0.0,,,1.0,,1.0,0.5,0.5,1.0,,
46172,0.0,,0.0,0.0,0.0,0.0,,,1.0,,1.0,1.0,1.0,1.0,,
46184,0.0,,0.0,0.0,0.0,0.0,,,1.0,,1.0,1.0,1.0,1.0,,
38856,1.0,,1.0,1.0,1.0,1.0,,,0.5,,0.5,0.5,1.0,1.0,,
45137,0.0,,0.0,1.0,0.0,0.0,,,1.0,,1.0,0.5,1.0,1.0,,
45369,0.0,,1.0,0.0,1.0,0.0,,,1.0,,0.5,1.0,1.0,1.0,,
45385,0.0,,1.0,0.0,1.0,1.0,,,1.0,,0.5,1.0,0.5,0.5,,
45409,0.0,,0.0,0.0,0.0,0.0,,,1.0,,1.0,1.0,1.0,1.0,,
10539,0.0,,0.0,0.0,0.0,0.0,,,1.0,,1.0,1.0,1.0,1.0,,
27450,1.0,,0.0,0.0,0.0,0.0,,,0.5,,1.0,1.0,1.0,1.0,,
27457,1.0,,0.0,0.0,0.0,0.0,,,0.5,,1.0,1.0,1.0,1.0,,
27461,0.0,,0.0,0.0,0.0,0.0,,,1.0,,1.0,1.0,1.0,1.0,,
27462,1.0,,0.0,0.0,0.0,0.0,,,0.5,,1.0,1.0,1.0,1.0,,
45371,0.0,,0.0,0.0,0.0,0.0,,,1.0,,1.0,1.0,1.0,1.0,,
45373,0.0,,0.0,0.0,0.0,0.0,,,1.0,,1.0,1.0,1.0,1.0,,
45375,1.0,,1.0,1.0,1.0,1.0,,,0.5,,1.0,0.5,1.0,0.5,,
45397,0.0,,1.0,1.0,1.0,0.0,,,1.0,,0.5,0.5,0.5,1.0,,
45399,0.0,,0.0,0.0,1.0,0.0,,,1.0,,1.0,1.0,0.5,1.0,,
8253,1.0,,1.0,1.0,1.0,1.0,,,0.5,,0.5,0.5,0.5,1.0,,
27460,1.0,,0.0,1.0,0.0,0.0,,,0.5,,1.0,0.5,1.0,1.0,,
38864,1.0,,1.0,1.0,1.0,1.0,,,0.5,,1.0,1.0,1.0,1.0,,
38872,1.0,,1.0,1.0,1.0,1.0,,,0.5,,1.0,1.0,1.0,0.5,,
40448,1.0,,1.0,1.0,1.0,1.0,,,0.5,,1.0,0.5,1.0,1.0,,
42159,1.0,,1.0,1.0,1.0,1.0,,,0.5,,0.5,1.0,0.5,1.0,,
45141,0.0,,0.0,0.0,0.0,0.0,,,1.0,,1.0,1.0,1.0,1.0,,
45143,0.0,,0.0,0.0,0.0,0.0,,,1.0,,1.0,1.0,1.0,1.0,,
45155,0.0,,1.0,0.0,1.0,0.0,,,1.0,,0.5,1.0,1.0,1.0,,
45179,0.0,,0.0,0.0,0.0,0.0,,,1.0,,1.0,1.0,1.0,1.0,,
27447,1.0,,0.0,0.0,0.0,0.0,,,0.5,,1.0,1.0,1.0,1.0,,
45189,0.0,,1.0,1.0,1.0,0.0,,,1.0,,0.5,0.5,0.5,1.0,,
45205,0.0,,0.0,0.0,1.0,0.0,,,1.0,,1.0,1.0,0.5,1.0,,
45249,1.0,,1.0,1.0,1.0,0.0,,,0.5,,1.0,0.5,1.0,1.0,,
45285,0.0,,1.0,1.0,1.0,1.0,,,1.0,,0.5,0.5,1.0,0.5,,
45305,0.0,,1.0,1.0,1.0,1.0,,,1.0,,0.5,0.5,0.5,0.5,,
45307,0.0,,1.0,1.0,1.0,1.0,,,1.0,,0.5,0.5,0.5,1.0,,
45377,0.0,,0.0,0.0,0.0,0.0,,,1.0,,1.0,1.0,1.0,1.0,,
45411,0.0,,0.0,0.0,0.0,0.0,,,1.0,,1.0,1.0,1.0,1.0,,
45423,0.0,,1.0,1.0,1.0,0.0,,,1.0,,0.5,0.5,0.5,1.0,,
38752,0.0,,0.0,0.0,0.0,0.0,,,1.0,,1.0,1.0,1.0,1.0,,
38882,1.0,,1.0,1.0,1.0,1.0,,,0.5,,1.0,1.0,1.0,1.0,,
5464,0.0,,1.0,1.0,1.0,1.0,,,1.0,,1.0,0.5,1.0,1.0,,
8493,0.0,,0.0,0.0,0.0,0.0,,,1.0,,1.0,1.0,1.0,1.0,,
45435,1.0,,1.0,1.0,1.0,1.0,,,0.5,,0.5,1.0,1.0,0.5,,
46177,0.0,,0.0,0.0,0.0,0.0,,,1.0,,1.0,1.0,1.0,1.0,,
38730,1.0,,1.0,1.0,1.0,1.0,,,0.5,,1.0,1.0,1.0,1.0,,
45109,0.0,0.0,0.0,,1.0,0.0,,,1.0,1.0,1.0,,0.5,1.0,,
45059,0.0,0.0,0.0,,0.0,0.0,,,1.0,1.0,1.0,,1.0,1.0,,
45062,0.0,0.0,0.0,,1.0,0.0,,,1.0,1.0,1.0,,1.0,1.0,,
45073,1.0,1.0,0.0,,1.0,1.0,,,0.5,0.5,1.0,,0.5,0.5,,
45149,0.0,,0.0,0.0,0.0,0.0,,,1.0,,1.0,1.0,1.0,1.0,,
45161,0.0,,0.0,0.0,0.0,0.0,,,1.0,,1.0,1.0,1.0,1.0,,
45165,0.0,,0.0,0.0,0.0,0.0,,,1.0,,1.0,1.0,1.0,1.0,,
45169,0.0,,0.0,0.0,1.0,0.0,,,1.0,,1.0,1.0,1.0,1.0,,
45173,0.0,,0.0,0.0,1.0,0.0,,,1.0,,1.0,1.0,0.5,1.0,,
45219,0.0,,1.0,1.0,1.0,1.0,,,1.0,,0.5,0.5,0.5,1.0,,
45237,0.0,,0.0,1.0,1.0,0.0,,,1.0,,1.0,0.5,0.5,1.0,,
45259,1.0,,1.0,1.0,0.0,0.0,,,0.5,,0.5,0.5,1.0,1.0,,
28212,1.0,,1.0,1.0,1.0,1.0,,,0.5,,0.5,1.0,1.0,0.5,,
45281,0.0,,0.0,0.0,0.0,0.0,,,1.0,,1.0,1.0,1.0,1.0,,
45283,0.0,,0.0,0.0,0.0,1.0,,,1.0,,1.0,1.0,1.0,1.0,,
45313,0.0,,0.0,0.0,0.0,0.0,,,1.0,,1.0,1.0,1.0,1.0,,
45319,0.0,,0.0,0.0,1.0,0.0,,,1.0,,1.0,1.0,1.0,1.0,,
45331,0.0,,0.0,0.0,1.0,0.0,,,1.0,,1.0,1.0,0.5,1.0,,
45349,1.0,,1.0,1.0,1.0,1.0,,,0.5,,0.5,0.5,1.0,1.0,,
45353,0.0,,0.0,0.0,1.0,0.0,,,1.0,,1.0,1.0,0.5,1.0,,
45365,0.0,,0.0,0.0,0.0,0.0,,,1.0,,1.0,1.0,1.0,1.0,,
45387,0.0,,0.0,0.0,0.0,0.0,,,1.0,,1.0,1.0,1.0,1.0,,
45421,1.0,,1.0,1.0,1.0,1.0,,,1.0,,1.0,1.0,1.0,1.0,,
45425,0.0,,0.0,0.0,1.0,0.0,,,1.0,,1.0,1.0,0.5,1.0,,
45131,0.0,,0.0,0.0,0.0,0.0,,,1.0,,1.0,1.0,1.0,1.0,,
45135,0.0,,0.0,0.0,1.0,1.0,,,1.0,,1.0,1.0,0.5,0.5,,
66666,1.0,1.0,,1.0,1.0,1.0,,,1.0,1.0,,1.0,0.5,0.5,,
54168,1.0,,1.0,1.0,1.0,1.0,,,1.0,,1.0,0.5,1.0,1.0,,
54176,1.0,,1.0,1.0,1.0,1.0,,,1.0,,1.0,1.0,1.0,1.0,,
54178,0.0,,0.0,0.0,0.0,1.0,,,1.0,,1.0,1.0,1.0,0.5,,
54181,0.0,,1.0,0.0,1.0,0.0,,,1.0,,0.5,1.0,0.5,1.0,,
54188,1.0,,1.0,1.0,1.0,1.0,,,1.0,,1.0,1.0,1.0,1.0,,
45273,0.0,,0.0,0.0,0.0,0.0,,,1.0,,1.0,1.0,1.0,1.0,,
56378,0.0,,0.0,0.0,0.0,0.0,,,1.0,,1.0,1.0,1.0,1.0,,
58942,1.0,,1.0,0.0,1.0,0.0,,,0.5,,0.5,1.0,0.5,1.0,,
58950,0.0,,1.0,1.0,1.0,1.0,,,1.0,,1.0,1.0,0.5,1.0,,
58962,0.0,,0.0,0.0,1.0,0.0,,,1.0,,1.0,1.0,0.5,1.0,,
58973,0.0,,1.0,1.0,1.0,1.0,,,1.0,,1.0,1.0,1.0,1.0,,
95419,0.0,,0.0,0.0,1.0,0.0,,,1.0,,1.0,1.0,1.0,1.0,,
75062,0.0,,0.0,1.0,0.0,0.0,,,1.0,,1.0,0.5,1.0,1.0,,
75008,0.0,,0.0,0.0,0.0,0.0,,,1.0,,1.0,1.0,1.0,1.0,,
68345,0.0,,0.0,0.0,0.0,0.0,,,1.0,,1.0,1.0,1.0,1.0,,
68348,0.0,,0.0,0.0,0.0,0.0,,,1.0,,1.0,1.0,1.0,1.0,,
68349,0.0,,0.0,0.0,0.0,0.0,,,1.0,,1.0,1.0,1.0,1.0,,
75066,0.0,,0.0,0.0,0.0,0.0,,,1.0,,1.0,1.0,1.0,1.0,,
75126,0.0,,0.0,0.0,0.0,0.0,,,1.0,,1.0,1.0,1.0,1.0,,
61113,0.0,,0.0,0.0,0.0,0.0,,,1.0,,1.0,1.0,1.0,1.0,,
61135,1.0,,1.0,1.0,1.0,1.0,,,0.5,,0.5,1.0,1.0,0.5,,
61139,1.0,,1.0,1.0,1.0,1.0,,,1.0,,1.0,1.0,1.0,1.0,,
61155,0.0,,0.0,0.0,0.0,0.0,,,1.0,,1.0,1.0,1.0,1.0,,
66668,0.0,,0.0,0.0,1.0,1.0,,,1.0,,1.0,1.0,1.0,0.5,,
66674,1.0,,1.0,1.0,1.0,1.0,,,0.5,,1.0,0.5,1.0,1.0,,
68336,0.0,,0.0,0.0,0.0,0.0,,,1.0,,1.0,1.0,1.0,1.0,,
68337,0.0,,0.0,0.0,0.0,0.0,,,1.0,,1.0,1.0,1.0,1.0,,
58990,1.0,,1.0,1.0,1.0,1.0,,,0.5,,1.0,0.5,1.0,1.0,,
58995,0.0,,1.0,1.0,1.0,0.0,,,1.0,,0.5,0.5,1.0,1.0,,
60090,1.0,,1.0,1.0,1.0,1.0,,,1.0,,0.5,0.5,1.0,0.5,,
60102,1.0,,1.0,1.0,1.0,1.0,,,1.0,,1.0,1.0,1.0,1.0,,
60104,0.0,,0.0,0.0,0.0,0.0,,,1.0,,1.0,1.0,1.0,1.0,,
60116,1.0,,1.0,1.0,1.0,1.0,,,1.0,,0.5,1.0,1.0,1.0,,
39119,1.0,1.0,1.0,,1.0,1.0,,,0.5,1.0,1.0,,1.0,1.0,,
58919,0.0,,0.0,0.0,1.0,0.0,,,1.0,,1.0,1.0,0.5,1.0,,
58937,0.0,,0.0,0.0,0.0,0.0,,,1.0,,1.0,1.0,1.0,1.0,,
58949,0.0,,0.0,0.0,0.0,0.0,,,1.0,,1.0,1.0,1.0,1.0,,
58956,0.0,,0.0,0.0,1.0,0.0,,,1.0,,1.0,1.0,0.5,1.0,,
58960,1.0,,1.0,1.0,1.0,1.0,,,0.5,,1.0,0.5,1.0,0.5,,
58977,0.0,,1.0,1.0,1.0,1.0,,,1.0,,0.5,0.5,0.5,0.5,,
61093,0.0,,0.0,0.0,0.0,0.0,,,1.0,,1.0,1.0,1.0,1.0,,
61143,1.0,,1.0,1.0,1.0,1.0,,,0.5,,0.5,1.0,1.0,0.5,,
61151,0.0,,0.0,0.0,0.0,0.0,,,1.0,,1.0,1.0,1.0,1.0,,
61161,0.0,,0.0,0.0,0.0,0.0,,,1.0,,1.0,1.0,1.0,1.0,,
66669,1.0,,1.0,1.0,1.0,1.0,,,0.5,,1.0,1.0,1.0,1.0,,
58905,0.0,,0.0,0.0,0.0,0.0,,,1.0,,1.0,1.0,1.0,1.0,,
58908,0.0,,0.0,0.0,0.0,0.0,,,1.0,,1.0,1.0,1.0,1.0,,
58909,0.0,,0.0,0.0,0.0,0.0,,,1.0,,1.0,1.0,1.0,1.0,,
58910,0.0,,0.0,0.0,0.0,0.0,,,1.0,,1.0,1.0,1.0,1.0,,
58914,0.0,,0.0,0.0,0.0,0.0,,,1.0,,1.0,1.0,1.0,1.0,,
58923,0.0,,0.0,0.0,0.0,0.0,,,1.0,,1.0,1.0,1.0,1.0,,
58936,0.0,,0.0,0.0,0.0,0.0,,,1.0,,1.0,1.0,1.0,1.0,,
54165,1.0,,1.0,1.0,1.0,1.0,,,0.5,,0.5,0.5,1.0,1.0,,
54183,1.0,,1.0,1.0,1.0,1.0,,,0.5,,1.0,1.0,0.5,0.5,,
54189,1.0,,1.0,1.0,1.0,1.0,,,1.0,,1.0,1.0,1.0,1.0,,
54597,1.0,,0.0,1.0,0.0,0.0,,,1.0,,1.0,1.0,1.0,1.0,,
56498,0.0,,0.0,0.0,1.0,0.0,,,1.0,,1.0,1.0,0.5,1.0,,
58899,0.0,,0.0,0.0,0.0,0.0,,,1.0,,1.0,1.0,1.0,1.0,,
59256,0.0,,0.0,0.0,0.0,0.0,,,1.0,,1.0,1.0,1.0,1.0,,
66648,1.0,1.0,,1.0,1.0,0.0,,,1.0,0.5,,1.0,0.5,1.0,,
58901,0.0,,0.0,0.0,0.0,0.0,,,1.0,,1.0,1.0,1.0,1.0,,
66675,1.0,,1.0,1.0,1.0,1.0,,,0.5,,1.0,1.0,1.0,1.0,,
66679,1.0,,1.0,1.0,1.0,1.0,,,1.0,,0.5,1.0,1.0,1.0,,
46215,0.0,,0.0,0.0,0.0,0.0,,,1.0,,1.0,1.0,1.0,1.0,,
46217,0.0,,0.0,0.0,0.0,0.0,,,1.0,,1.0,1.0,1.0,1.0,,
47953,0.0,,0.0,0.0,0.0,0.0,,,1.0,,1.0,1.0,1.0,1.0,,
50515,0.0,,0.0,0.0,0.0,0.0,,,1.0,,1.0,1.0,1.0,1.0,,
68339,0.0,,0.0,0.0,0.0,0.0,,,1.0,,1.0,1.0,1.0,1.0,,
68347,0.0,,0.0,0.0,0.0,0.0,,,1.0,,1.0,1.0,1.0,1.0,,
73536,0.0,,0.0,0.0,0.0,0.0,,,1.0,,1.0,1.0,1.0,1.0,,
73556,1.0,,1.0,1.0,1.0,1.0,,,1.0,,0.5,1.0,0.5,0.5,,
46705,0.0,,0.0,,0.0,0.0,,,1.0,,1.0,,1.0,1.0,,
45088,0.0,1.0,0.0,,1.0,,,,1.0,0.5,1.0,,1.0,,,
46691,0.0,,0.0,,0.0,0.0,,,1.0,,1.0,,1.0,1.0,,
46687,0.0,,0.0,,1.0,0.0,,,1.0,,1.0,,1.0,1.0,,
45261,0.0,,0.0,0.0,,0.0,,,1.0,,1.0,1.0,,1.0,,
46679,1.0,,1.0,,1.0,1.0,,,0.5,,0.5,,1.0,1.0,,
45381,0.0,,0.0,,0.0,0.0,,,1.0,,1.0,,1.0,1.0,,
45337,0.0,,0.0,,1.0,1.0,,,1.0,,1.0,,1.0,0.5,,
45413,1.0,,1.0,,1.0,1.0,,,0.5,,1.0,,1.0,1.0,,
45391,0.0,,0.0,,1.0,0.0,,,1.0,,1.0,,0.5,1.0,,
45367,0.0,,0.0,,1.0,0.0,,,1.0,,1.0,,1.0,1.0,,
45347,0.0,,0.0,,0.0,0.0,,,1.0,,1.0,,1.0,1.0,,
46699,0.0,,1.0,,1.0,0.0,,,1.0,,0.5,,0.5,1.0,,
46685,0.0,,0.0,,0.0,0.0,,,1.0,,1.0,,1.0,1.0,,
81018,0.0,,0.0,,0.0,0.0,,,1.0,,1.0,,1.0,1.0,,
81008,0.0,,0.0,,0.0,0.0,,,1.0,,1.0,,1.0,1.0,,
80996,0.0,,0.0,,0.0,0.0,,,1.0,,1.0,,1.0,1.0,,
68073,1.0,,1.0,,1.0,1.0,,,1.0,,1.0,,1.0,1.0,,
68070,1.0,,1.0,,1.0,1.0,,,0.5,,1.0,,1.0,1.0,,
44086,0.0,,0.0,,0.0,0.0,,,1.0,,1.0,,1.0,1.0,,
44054,0.0,,0.0,,1.0,1.0,,,1.0,,1.0,,0.5,0.5,,
29047,0.0,,1.0,,1.0,1.0,,,1.0,,0.5,,1.0,1.0,,
29046,0.0,,1.0,,1.0,1.0,,,1.0,,0.5,,1.0,1.0,,
29044,1.0,,1.0,,1.0,1.0,,,0.5,,0.5,,1.0,1.0,,
13252,0.0,,0.0,,1.0,0.0,,,1.0,,1.0,,1.0,1.0,,
13247,0.0,,0.0,,0.0,0.0,,,1.0,,1.0,,1.0,1.0,,
13236,0.0,,1.0,,1.0,0.0,,,1.0,,0.5,,1.0,1.0,,
13235,0.0,,0.0,,1.0,0.0,,,1.0,,1.0,,0.5,1.0,,
12938,0.0,,0.0,,0.0,0.0,,,1.0,,1.0,,1.0,1.0,,
12930,1.0,,1.0,,1.0,1.0,,,0.5,,1.0,,1.0,1.0,,
45301,0.0,,1.0,,1.0,0.0,,,1.0,,0.5,,0.5,1.0,,
45225,0.0,,1.0,,1.0,1.0,,,1.0,,0.5,,0.5,1.0,,
45195,0.0,,1.0,,1.0,0.0,,,1.0,,0.5,,0.5,1.0,,
45151,1.0,,1.0,,1.0,0.0,,,0.5,,1.0,,1.0,1.0,,
45042,0.0,,0.0,,0.0,0.0,,,1.0,,1.0,,1.0,1.0,,
45040,0.0,,0.0,,1.0,0.0,,,1.0,,1.0,,1.0,1.0,,
10883,1.0,,1.0,,1.0,1.0,,,0.5,,0.5,,0.5,0.5,,
7412,1.0,,1.0,,1.0,1.0,,,0.5,,0.5,,0.5,1.0,,
2764,0.0,,0.0,,0.0,0.0,,,1.0,,1.0,,1.0,1.0,,
58986,0.0,,,1.0,1.0,0.0,,,1.0,,,1.0,1.0,1.0,,
29041,0.0,,0.0,,1.0,1.0,,,1.0,,1.0,,1.0,0.5,,
26903,0.0,,0.0,,0.0,0.0,,,1.0,,1.0,,1.0,1.0,,
26124,0.0,,1.0,,1.0,0.0,,,1.0,,0.5,,0.5,1.0,,
26121,1.0,,0.0,,1.0,0.0,,,0.5,,1.0,,0.5,1.0,,
54304,1.0,,0.0,,0.0,1.0,,,0.5,,1.0,,1.0,0.5,,
54303,1.0,,1.0,,1.0,1.0,,,0.5,,0.5,,1.0,0.5,,
54170,1.0,,1.0,,1.0,1.0,,,1.0,,1.0,,1.0,1.0,,
66812,1.0,,1.0,1.0,1.0,,,,0.5,,1.0,1.0,1.0,,,
66811,1.0,,1.0,1.0,1.0,,,,0.5,,1.0,1.0,1.0,,,
66810,1.0,,1.0,1.0,1.0,,,,0.5,,1.0,1.0,1.0,,,
46711,1.0,,1.0,,1.0,1.0,,,0.5,,0.5,,0.5,0.5,,
54596,1.0,,,1.0,1.0,0.0,,,0.5,,,1.0,0.5,1.0,,
58934,0.0,,0.0,0.0,1.0,,,,1.0,,1.0,1.0,0.5,,,
45417,0.0,,0.0,,0.0,0.0,,,1.0,,1.0,,1.0,1.0,,
45389,0.0,,0.0,,0.0,0.0,,,1.0,,1.0,,1.0,1.0,,
45323,0.0,,0.0,,0.0,0.0,,,1.0,,1.0,,1.0,1.0,,
45317,0.0,,0.0,,0.0,0.0,,,1.0,,1.0,,1.0,1.0,,
45309,0.0,,1.0,,1.0,0.0,,,1.0,,0.5,,1.0,1.0,,
45267,0.0,,0.0,,0.0,0.0,,,1.0,,1.0,,1.0,1.0,,
45257,0.0,,0.0,,1.0,1.0,,,1.0,,1.0,,0.5,1.0,,
45167,0.0,,1.0,,1.0,0.0,,,1.0,,0.5,,1.0,1.0,,
45129,0.0,,0.0,,0.0,0.0,,,1.0,,1.0,,1.0,1.0,,
45046,0.0,,0.0,,0.0,0.0,,,1.0,,1.0,,1.0,1.0,,
54305,1.0,,1.0,,1.0,1.0,,,0.5,,1.0,,1.0,1.0,,
54302,0.0,,1.0,,1.0,0.0,,,1.0,,0.5,,1.0,1.0,,
54301,0.0,,1.0,,1.0,1.0,,,1.0,,1.0,,1.0,0.5,,
54163,1.0,,0.0,,1.0,1.0,,,0.5,,1.0,,1.0,0.5,,
45433,1.0,,1.0,,1.0,0.0,,,0.5,,0.5,,0.5,1.0,,
74958,,,0.0,0.0,0.0,0.0,,,,,1.0,1.0,1.0,1.0,,
80992,0.0,,0.0,,0.0,0.0,,,1.0,,1.0,,1.0,1.0,,
80988,0.0,,0.0,,0.0,0.0,,,1.0,,1.0,,1.0,1.0,,
80986,0.0,,0.0,,0.0,0.0,,,1.0,,1.0,,1.0,1.0,,
81012,0.0,,0.0,,0.0,0.0,,,1.0,,1.0,,1.0,1.0,,
81006,0.0,,0.0,,0.0,0.0,,,1.0,,1.0,,1.0,1.0,,
81002,0.0,,0.0,,0.0,0.0,,,1.0,,1.0,,1.0,1.0,,
45038,0.0,,0.0,,0.0,0.0,,,1.0,,1.0,,1.0,1.0,,
44096,0.0,,0.0,,0.0,0.0,,,1.0,,1.0,,1.0,1.0,,
44094,0.0,,0.0,,0.0,0.0,,,1.0,,1.0,,1.0,1.0,,
44092,0.0,,0.0,,0.0,0.0,,,1.0,,1.0,,1.0,1.0,,
44088,0.0,,0.0,,0.0,0.0,,,1.0,,1.0,,1.0,1.0,,
44082,0.0,,0.0,,0.0,0.0,,,1.0,,1.0,,1.0,1.0,,
44042,0.0,,0.0,,0.0,0.0,,,1.0,,1.0,,1.0,1.0,,
39551,0.0,,0.0,,1.0,0.0,,,1.0,,1.0,,0.5,1.0,,
29054,1.0,,1.0,,1.0,1.0,,,1.0,,1.0,,1.0,1.0,,
29040,0.0,,1.0,,1.0,1.0,,,1.0,,0.5,,1.0,0.5,,
27940,1.0,,1.0,,1.0,1.0,,,0.5,,1.0,,1.0,1.0,,
27084,1.0,,1.0,,1.0,1.0,,,0.5,,0.5,,1.0,1.0,,
26084,1.0,,1.0,,1.0,0.0,,,0.5,,0.5,,0.5,1.0,,
45044,0.0,,0.0,,0.0,0.0,,,1.0,,1.0,,1.0,1.0,,
26105,1.0,,1.0,,1.0,0.0,,,0.5,,0.5,,0.5,1.0,,
26100,1.0,,1.0,,1.0,1.0,,,0.5,,1.0,,1.0,0.5,,
26094,1.0,,1.0,,1.0,1.0,,,0.5,,1.0,,1.0,0.5,,
13241,0.0,,1.0,,1.0,0.0,,,1.0,,0.5,,1.0,1.0,,
12942,1.0,,1.0,,1.0,1.0,,,0.5,,1.0,,1.0,1.0,,
12940,0.0,,0.0,,0.0,0.0,,,1.0,,1.0,,1.0,1.0,,
12936,0.0,,0.0,,1.0,0.0,,,1.0,,1.0,,0.5,1.0,,
38870,,,0.0,0.0,1.0,0.0,,,,,1.0,1.0,1.0,1.0,,
38848,,,1.0,0.0,1.0,0.0,,,,,0.5,1.0,0.5,1.0,,
38816,,,0.0,0.0,0.0,0.0,,,,,1.0,1.0,1.0,1.0,,
12932,0.0,,1.0,,1.0,0.0,,,1.0,,0.5,,0.5,1.0,,
12679,1.0,,1.0,,1.0,0.0,,,0.5,,0.5,,0.5,1.0,,
12650,0.0,,0.0,,0.0,0.0,,,1.0,,1.0,,1.0,1.0,,
7443,0.0,,1.0,,1.0,1.0,,,1.0,,0.5,,0.5,1.0,,
4881,0.0,,0.0,,0.0,0.0,,,1.0,,1.0,,1.0,1.0,,
2824,0.0,,0.0,,0.0,0.0,,,1.0,,1.0,,1.0,1.0,,
10560,,,0.0,0.0,0.0,0.0,,,,,1.0,1.0,1.0,1.0,,
10191,,,0.0,0.0,0.0,0.0,,,,,1.0,1.0,1.0,1.0,,
9706,,,0.0,0.0,0.0,0.0,,,,,1.0,1.0,1.0,1.0,,
41885,,,0.0,0.0,0.0,0.0,,,,,1.0,1.0,1.0,1.0,,
7103,,,0.0,0.0,1.0,0.0,,,,,1.0,1.0,0.5,1.0,,
6024,,,1.0,0.0,1.0,1.0,,,,,0.5,1.0,1.0,0.5,,
38922,,,0.0,0.0,0.0,0.0,,,,,1.0,1.0,1.0,1.0,,
38894,,,0.0,0.0,0.0,0.0,,,,,1.0,1.0,1.0,1.0,,
38880,,,0.0,0.0,0.0,0.0,,,,,1.0,1.0,1.0,1.0,,
38790,,,1.0,0.0,1.0,1.0,,,,,0.5,1.0,0.5,1.0,,
38744,,,0.0,0.0,1.0,0.0,,,,,1.0,1.0,0.5,1.0,,
38734,,,1.0,1.0,1.0,0.0,,,,,0.5,0.5,0.5,1.0,,
11224,,,0.0,0.0,1.0,1.0,,,,,1.0,1.0,0.5,0.5,,
10855,,,1.0,0.0,1.0,0.0,,,,,0.5,1.0,0.5,1.0,,
10286,,,0.0,0.0,0.0,0.0,,,,,1.0,1.0,1.0,1.0,,
38776,,,0.0,0.0,0.0,0.0,,,,,1.0,1.0,1.0,1.0,,
38810,,,1.0,1.0,1.0,0.0,,,,,0.5,0.5,0.5,1.0,,
38796,,,1.0,1.0,1.0,0.0,,,,,0.5,0.5,0.5,1.0,,
38770,,,0.0,0.0,0.0,0.0,,,,,1.0,1.0,1.0,1.0,,
38726,,,1.0,1.0,1.0,0.0,,,,,0.5,0.5,1.0,1.0,,
38718,,,1.0,0.0,1.0,0.0,,,,,0.5,1.0,0.5,1.0,,
10574,,,0.0,0.0,1.0,0.0,,,,,1.0,1.0,0.5,1.0,,
9556,,,0.0,0.0,0.0,0.0,,,,,1.0,1.0,1.0,1.0,,
7260,,,1.0,1.0,1.0,1.0,,,,,1.0,0.5,0.5,0.5,,
41012,,,0.0,0.0,0.0,0.0,,,,,1.0,1.0,1.0,1.0,,
6028,,,1.0,1.0,1.0,1.0,,,,,0.5,0.5,1.0,0.5,,
5221,,,0.0,0.0,0.0,0.0,,,,,1.0,1.0,1.0,1.0,,
4538,,,1.0,1.0,1.0,1.0,,,,,1.0,0.5,1.0,1.0,,
38914,,,1.0,0.0,1.0,0.0,,,,,0.5,1.0,0.5,1.0,,
38736,,,1.0,1.0,1.0,0.0,,,,,0.5,0.5,0.5,1.0,,
38728,,,1.0,1.0,1.0,0.0,,,,,0.5,0.5,0.5,1.0,,
38710,,,0.0,0.0,1.0,0.0,,,,,1.0,1.0,0.5,1.0,,
27444,,,0.0,0.0,0.0,0.0,,,,,1.0,1.0,1.0,1.0,,
12377,,,0.0,0.0,0.0,0.0,,,,,1.0,1.0,1.0,1.0,,
10436,,,1.0,1.0,1.0,1.0,,,,,1.0,1.0,1.0,1.0,,
9742,,,0.0,0.0,1.0,0.0,,,,,1.0,1.0,0.5,1.0,,
9431,,,0.0,0.0,1.0,0.0,,,,,1.0,1.0,0.5,1.0,,
38778,,,1.0,1.0,0.0,0.0,,,,,0.5,0.5,1.0,1.0,,
16397,,,0.0,0.0,0.0,0.0,,,,,1.0,1.0,1.0,1.0,,
4664,1.0,,1.0,,1.0,1.0,,,0.5,,0.5,,1.0,0.5,,
4482,1.0,,1.0,,1.0,1.0,,,0.5,,1.0,,1.0,0.5,,
13244,0.0,,1.0,,1.0,0.0,,,1.0,,0.5,,0.5,1.0,,
38912,,,1.0,0.0,1.0,0.0,,,,,0.5,1.0,1.0,1.0,,
38890,,,1.0,0.0,1.0,1.0,,,,,0.5,1.0,0.5,0.5,,
38840,,,0.0,0.0,1.0,0.0,,,,,1.0,1.0,0.5,1.0,,
13242,0.0,,1.0,,1.0,0.0,,,1.0,,0.5,,0.5,1.0,,
13240,0.0,,1.0,,1.0,0.0,,,1.0,,0.5,,0.5,1.0,,
13237,0.0,,1.0,,1.0,0.0,,,1.0,,0.5,,0.5,1.0,,
12676,1.0,,1.0,,1.0,1.0,,,0.5,,0.5,,1.0,0.5,,
7430,0.0,,1.0,,1.0,1.0,,,1.0,,1.0,,1.0,1.0,,
44058,0.0,,0.0,,0.0,0.0,,,1.0,,1.0,,1.0,1.0,,
29052,0.0,,1.0,,1.0,1.0,,,1.0,,0.5,,1.0,0.5,,
29051,1.0,,1.0,,1.0,1.0,,,1.0,,0.5,,1.0,1.0,,
29049,0.0,,0.0,,1.0,1.0,,,1.0,,1.0,,1.0,0.5,,
26624,1.0,,1.0,,1.0,1.0,,,1.0,,0.5,,1.0,1.0,,
26080,0.0,,1.0,,1.0,1.0,,,1.0,,1.0,,1.0,0.5,,
26122,0.0,,1.0,,1.0,0.0,,,1.0,,0.5,,0.5,1.0,,
41547,0.0,,0.0,,0.0,0.0,,,1.0,,1.0,,1.0,1.0,,
13248,0.0,,1.0,,1.0,1.0,,,1.0,,0.5,,1.0,0.5,,
45145,0.0,,0.0,,0.0,0.0,,,1.0,,1.0,,1.0,1.0,,
45133,0.0,,0.0,,0.0,0.0,,,1.0,,1.0,,1.0,1.0,,
44112,0.0,,0.0,,0.0,0.0,,,1.0,,1.0,,1.0,1.0,,
45407,0.0,,0.0,,0.0,0.0,,,1.0,,1.0,,1.0,1.0,,
45405,0.0,,1.0,,1.0,0.0,,,1.0,,0.5,,1.0,1.0,,
45395,0.0,,1.0,,1.0,1.0,,,1.0,,1.0,,1.0,1.0,,
45393,0.0,,1.0,,1.0,0.0,,,1.0,,0.5,,1.0,1.0,,
45325,1.0,,1.0,,1.0,0.0,,,0.5,,0.5,,0.5,1.0,,
45253,0.0,,0.0,,0.0,0.0,,,1.0,,1.0,,1.0,1.0,,
45207,0.0,,0.0,,0.0,0.0,,,1.0,,1.0,,1.0,1.0,,
45191,1.0,,1.0,,1.0,0.0,,,0.5,,1.0,,1.0,1.0,,
66808,1.0,,1.0,1.0,1.0,,,,0.5,,1.0,1.0,1.0,,,
45245,0.0,,0.0,,1.0,0.0,,,1.0,,1.0,,1.0,1.0,,
45201,0.0,,1.0,,1.0,1.0,,,1.0,,0.5,,0.5,0.5,,
81000,0.0,,0.0,,0.0,0.0,,,1.0,,1.0,,1.0,1.0,,
80998,0.0,,0.0,,0.0,0.0,,,1.0,,1.0,,1.0,1.0,,
81004,0.0,,0.0,,0.0,0.0,,,1.0,,1.0,,1.0,1.0,,
45271,1.0,,1.0,,1.0,0.0,,,0.5,,0.5,,0.5,1.0,,
45269,0.0,,0.0,,0.0,0.0,,,1.0,,1.0,,1.0,1.0,,
28229,0.0,,0.0,,0.0,0.0,,,1.0,,1.0,,1.0,1.0,,
28215,0.0,,0.0,,0.0,0.0,,,1.0,,1.0,,1.0,1.0,,
26117,1.0,,1.0,,0.0,0.0,,,0.5,,0.5,,1.0,1.0,,
11423,1.0,,1.0,,1.0,1.0,,,1.0,,1.0,,1.0,1.0,,
29048,0.0,,1.0,,1.0,1.0,,,1.0,,0.5,,1.0,1.0,,
2268,0.0,,1.0,,,1.0,,,1.0,,1.0,,,0.5,,
2276,1.0,,1.0,,,1.0,,,0.5,,1.0,,,0.5,,
44110,,,0.0,,0.0,0.0,,,,,1.0,,1.0,1.0,,
25506,,,1.0,,1.0,1.0,,,,,1.0,,1.0,0.5,,
25476,,,1.0,,1.0,0.0,,,,,1.0,,1.0,1.0,,
7834,,,1.0,,1.0,1.0,,,,,0.5,,1.0,1.0,,
25498,,,1.0,,1.0,1.0,,,,,1.0,,1.0,1.0,,
44106,,,0.0,,0.0,0.0,,,,,1.0,,1.0,1.0,,
4496,,,0.0,,1.0,0.0,,,,,1.0,,0.5,1.0,,
4501,,,0.0,,0.0,0.0,,,,,1.0,,1.0,1.0,,
2240,0.0,,1.0,,,0.0,,,1.0,,0.5,,,1.0,,
2262,0.0,,1.0,,,0.0,,,1.0,,1.0,,,1.0,,
2242,0.0,,1.0,,,0.0,,,1.0,,0.5,,,1.0,,
3926,,,1.0,,1.0,1.0,,,,,0.5,,0.5,0.5,,
44102,,,0.0,,0.0,0.0,,,,,1.0,,1.0,1.0,,
44072,,,0.0,,0.0,0.0,,,,,1.0,,1.0,1.0,,
44070,,,0.0,,0.0,0.0,,,,,1.0,,1.0,1.0,,
44060,,,0.0,,1.0,0.0,,,,,1.0,,0.5,1.0,,
44040,,,0.0,,0.0,0.0,,,,,1.0,,1.0,1.0,,
27089,,,1.0,,1.0,1.0,,,,,1.0,,1.0,0.5,,
27096,,,1.0,,1.0,1.0,,,,,1.0,,1.0,0.5,,
27093,,,1.0,,1.0,0.0,,,,,0.5,,0.5,1.0,,
27086,,,1.0,,1.0,0.0,,,,,0.5,,0.5,1.0,,
7825,,,1.0,,1.0,1.0,,,,,1.0,,1.0,1.0,,
7804,,,0.0,,0.0,0.0,,,,,1.0,,1.0,1.0,,
4494,,,0.0,,1.0,0.0,,,,,1.0,,0.5,1.0,,
3922,,,1.0,,1.0,0.0,,,,,0.5,,0.5,1.0,,
25504,,,1.0,,1.0,1.0,,,,,1.0,,1.0,1.0,,
25472,,,1.0,,1.0,1.0,,,,,1.0,,1.0,1.0,,
2613,,,0.0,,1.0,0.0,,,,,1.0,,1.0,1.0,,
2252,1.0,,1.0,,,0.0,,,0.5,,1.0,,,1.0,,
44064,,,0.0,,0.0,0.0,,,,,1.0,,1.0,1.0,,
2987,,,0.0,,1.0,0.0,,,,,1.0,,0.5,1.0,,
39449,,,1.0,,1.0,0.0,,,,,0.5,,1.0,1.0,,
3901,,,0.0,,1.0,0.0,,,,,1.0,,1.0,1.0,,
44074,,,0.0,,0.0,0.0,,,,,1.0,,1.0,1.0,,
44068,,,0.0,,0.0,0.0,,,,,1.0,,1.0,1.0,,
44056,,,0.0,,0.0,0.0,,,,,1.0,,1.0,1.0,,
44038,,,0.0,,0.0,0.0,,,,,1.0,,1.0,1.0,,
27090,,,0.0,,1.0,0.0,,,,,1.0,,0.5,1.0,,
25508,,,1.0,,1.0,1.0,,,,,1.0,,1.0,1.0,,
44050,,,0.0,,0.0,0.0,,,,,1.0,,1.0,1.0,,
2258,0.0,,1.0,,,0.0,,,1.0,,1.0,,,1.0,,
44066,,,0.0,,0.0,0.0,,,,,1.0,,1.0,1.0,,
27091,,,0.0,,1.0,0.0,,,,,1.0,,0.5,1.0,,
27095,,,1.0,,1.0,0.0,,,,,0.5,,0.5,1.0,,
25484,,,1.0,,1.0,1.0,,,,,0.5,,1.0,1.0,,
25478,,,1.0,,1.0,1.0,,,,,0.5,,1.0,1.0,,
7827,,,0.0,,0.0,0.0,,,,,1.0,,1.0,1.0,,
4478,,,0.0,,1.0,0.0,,,,,1.0,,1.0,1.0,,
3895,,,1.0,,1.0,1.0,,,,,0.5,,1.0,1.0,,
4470,,,1.0,,1.0,0.0,,,,,0.5,,0.5,1.0,,
3899,,,0.0,,0.0,0.0,,,,,1.0,,1.0,1.0,,
3818,,,0.0,,0.0,0.0,,,,,1.0,,1.0,1.0,,
54300,,,0.0,,1.0,1.0,,,,,1.0,,0.5,0.5,,
44080,,,0.0,,0.0,0.0,,,,,1.0,,1.0,1.0,,
4498,,,0.0,,1.0,0.0,,,,,1.0,,0.5,1.0,,
3883,,,0.0,,0.0,0.0,,,,,1.0,,1.0,1.0,,
2552,,,1.0,,1.0,1.0,,,,,1.0,,1.0,1.0,,
44108,,,0.0,,0.0,0.0,,,,,1.0,,1.0,1.0,,
94810,,0.0,,,1.0,,0.0,,,1.0,,,0.5,,1.0,
27088,,,1.0,,1.0,1.0,,,,,0.5,,1.0,0.5,,
2265,1.0,,1.0,,,0.0,,,0.5,,0.5,,,1.0,,
3924,,,0.0,,0.0,0.0,,,,,1.0,,1.0,1.0,,
122865,,,,,,,0.0,0.0,,,,,,,1.0,1.0
122868,,,,,,,0.0,0.0,,,,,,,1.0,1.0
122871,,,,,,,0.0,0.0,,,,,,,1.0,1.0
122874,,,,,,,0.0,1.0,,,,,,,1.0,0.5
122883,,,,,,,0.0,0.0,,,,,,,1.0,1.0
105350,,,,,,,1.0,1.0,,,,,,,0.5,0.5
2784,,,0.0,,,0.0,,,,,1.0,,,1.0,,
122884,,,,,,,0.0,0.0,,,,,,,1.0,1.0
122867,,,,,,,0.0,0.0,,,,,,,1.0,1.0
122861,,,,,,,0.0,0.0,,,,,,,1.0,1.0
122880,,,,,,,0.0,0.0,,,,,,,1.0,1.0
122882,,,,,,,0.0,0.0,,,,,,,1.0,1.0
122888,,,,,,,0.0,0.0,,,,,,,1.0,1.0
28016,,,,,1.0,1.0,,,,,,,0.5,0.5,,
12875,1.0,,1.0,,,,,,1.0,,1.0,,,,,
12877,1.0,,1.0,,,,,,0.5,,1.0,,,,,
12879,1.0,,1.0,,,,,,1.0,,0.5,,,,,
61441,,1.0,,0.0,,,,,,0.5,,1.0,,,,
28022,,,,,1.0,0.0,,,,,,,0.5,1.0,,
28027,,,,,1.0,1.0,,,,,,,1.0,1.0,,
12881,1.0,,1.0,,,,,,0.5,,1.0,,,,,
12885,1.0,,1.0,,,,,,0.5,,1.0,,,,,
122877,,,,,,,0.0,0.0,,,,,,,1.0,1.0
57456,1.0,,,1.0,,,,,0.5,,,1.0,,,,
27094,,,0.0,,,0.0,,,,,1.0,,,1.0,,
95128,,1.0,,,,,0.0,,,1.0,,,,,1.0,
122876,,,,,,,0.0,0.0,,,,,,,1.0,1.0
122872,,,,,,,0.0,0.0,,,,,,,1.0,1.0
122866,,,,,,,0.0,0.0,,,,,,,1.0,1.0
45297,,,,,1.0,0.0,,,,,,,1.0,1.0,,
12873,1.0,,1.0,,,,,,1.0,,1.0,,,,,
28015,,,,,0.0,0.0,,,,,,,1.0,1.0,,
28014,,,,,0.0,,,,,,,,1.0,,,
